4.0
4.0
4.0
4.0
3.5
3.34375
3.1145833333333335
3.229166666666667
2.0
3.8333333333333335
3.8333333333333335
4.972222222222222
4.972222222222222
4.055555555555555
3.7182539682539684
3.9914622414622416
2.0
2.0
2.0
2.0
2.0
2.5
2.25
2.25
3.3095238095238093
4.461640211640212
4.213502861462045
4.171908691475281
4.117190869147528
4.117190869147528
3.604911676899294
4.90736751534894
4.313725490196078
3.631372549019608
4.074811463046757
4.018702865761689
3.7733785822021115
3.8181818181818183
4.2727272727272725
4.2727272727272725
5.0
5.0
4.0
4.0
4.333333333333333
4.333333333333333
4.791666666666667
4.047316384180791
3.933333333333333
4.0
5.0
4.5
4.5
4.5
4.5
5.0
4.105263157894737
4.776315789473684
4.440789473684211
4.440789473684211
4.025928792569659
4.025928792569659
4.432275541795666
4.432275541795666
4.0
4.545454545454546
4.122257053291536
4.122257053291536
4.122257053291536
4.122257053291536
4.122257053291536
4.122257053291536
5.333333333333333
4.444444444444444
4.444444444444444
3.978723404255319
4.070668693009119
3.9821282440963293
4.167155527195421
4.324587133010286