3.0
3.0
2.3823529411764706
2.3823529411764706
2.0
3.25
2.739130434782609
2.467391304347826
1.3333333333333333
1.487179487179487
1.9047619047619047
2.6666666666666665
2.8333333333333335
2.185185185185185
3.0
2.0
3.0
3.0
3.0
3.0
3.0
3.0
2.5
3.25
0.0
0.0
1.0
1.0
1.0
1.0
1.0
2.0
0.0
1.6
1.6
1.5499999999999998
1.6916666666666664
1.6916666666666664
1.6916666666666664
1.6916666666666664
2.0
1.88
1.88
1.88
1.88
3.5
3.5
3.5
1.0
2.0
1.8928571428571428
1.8928571428571428
2.5
2.5
1.9473684210526316
2.25
2.0
2.1666666666666665
2.583333333333333
2.6666666666666665
2.75
2.5
2.1578947368421053
2.3729977116704806
2.0
3.0
2.0
2.0
0.0
0.5
1.5714285714285714
2.25
4.0
3.3333333333333335
3.2
3.6666666666666665
3.5
2.0
1.0
1.0