0.6521739130434783
1.0
1.5714285714285714
2.2888888888888888
1.945945945945946
1.5405405405405406
1.2549019607843137
1.208955223880597
1.2590673575129534
1.3496515990709308
1.3627162420971135
1.3447162163899136
1.3287827515027077
1.4551482016290613
1.7043681685097196
1.6049248817827229
0.6756756756756757
0.9005524861878453
0.8735135926237606
1.0672949879711433
1.1741560713058279
1.1039325758308618
1.238149578598943
1.3417561195823058
1.42
1.4642857142857142
1.4758340461933277
0.9233876966563767
1.3467157637196576
1.46
1.6548648648648647
1.610959805959806
0.48936170212765956
0.6666666666666666
0.7380952380952381
1.0833333333333333
0.875
0.5714285714285714
1.4444444444444444
1.4761904761904763
2.3684210526315788
2.3513513513513513
2.1458333333333335
2.0
2.05
2.1923076923076925
2.4651162790697674
2.4790996784565915
1.353932584269663
1.6057692307692308
1.616949152542373
1.9377975363526905
1.8852699824025194
2.039235133216017
2.1462878378270562
2.1959276148552154
3.4342105263157894
3.3625
3.263157894736842
2.937888198757764
2.7549668874172184
2.8
2.986666666666667
3.1847133757961785
2.0
1.9264705882352942
2.1118364418938307
1.9277273613684167
2.053012121606082
2.140553043328384
2.3495704520584906
2.5082048626565316
2.1614730878186967
2.2624476536519276
2.317261758133479
2.3048460313550225
2.260426095670154
2.272680853191208
2.309599166805533
2.277641374521871