2.625
2.870967741935484
3.1538461538461537
3.0256410256410255
3.2413793103448274
3.0
2.889261744966443
3.2
3.2063492063492065
3.30859375
3.967075892857143
6.0
6.0
4.714285714285714
3.5238095238095237
3.316742081447964
2.892857142857143
3.25
3.1
2.670103092783505
2.5405405405405403
3.25
3.0725806451612905
3.142857142857143
5.375
5.375
4.378048780487805
3.9298245614035086
3.629732225300092
3.165289256198347
2.9979690736160545
2.516279069767442
3.1491228070175437
2.567200986436498
2.2448086992262195
2.6206896551724137
2.651422023127409
2.8892276396576944
2.8227231281418175
2.336964520106599
2.6104718066743384
2.8085106382978724
2.9019607843137254
2.9473684210526314
2.9041986989946778
2.80407453394463
2.38241556310657
2.38241556310657
2.1818181818181817
3.0
3.8181818181818183
3.1619047619047618
3.25
3.260204081632653
3.0617283950617282
3.0617283950617282
3.409090909090909
3.5172413793103448
3.3947368421052633
3.6010362694300517
3.3466896948762233
2.0
2.0
2.9285714285714284
2.8
2.6651162790697676
2.6804123711340204
3.25
3.6744186046511627
3.2439024390243905
3.234786893323479
3.5714285714285716
3.6285714285714286
2.8476190476190477
3.0652014652014654
3.0
3.156695156695157
2.8947368421052633
2.57188703465982
2.7752808988764044