1.0346820809248556
1.3444589471067188
1.3406818866503165
1.5978900767021549
1.5372871862123423
1.2779729745729405
1.172401535308574
1.142098562341609
1.5
1.555632823365786
1.7663421418636995
1.8618249984882385
1.5494703997097417
1.2520766270355295
1.3874757070781325
1.7754134773813814
1.6998420221169037
1.699994903939255
1.8133278975352054
1.6708704986430105
1.517555794378958
1.745712777687258
1.8315044136956526
1.9835341647575395
2.4516129032258065
2.277988614800759
1.9010451735324723
1.9994899235749095
2.108746093426816
2.177180012401398
2.1761822442551253
2.3039538621971545
1.8214285714285714
1.9513498312710913
2.2509542646031804
2.2973666883379593
2.2199956104561633
2.0589235842362137
2.1599672483240115
2.0804722708140053
2.480769230769231
2.3245534086766315
2.096582314019804
2.0433120142308305
1.996272931400309
1.8118806742062472
2.024489503200199
2.1609719444565267
1.9699570815450644
2.0423401211457097
2.0180767357623353
1.8425172296246237
1.6374511273176144
1.9847892452334719
1.8848920270228984
1.6071918255845055
1.1818181818181819
1.3735177865612649
1.66968088365965
1.5652102223133568
1.9231914196103612
1.5490981093121128
1.1921655746280895
1.0987881062025633
1.3833333333333333
1.4998335710889208
1.2570956834152271
1.5337871010481565
1.331357876902337
1.1574011445847698
1.1599429629628801
1.2090797519848508
1.425233644859813
1.4419855404690531
1.5716151700986827
1.6298155879019383
1.4069686331568547
1.4730345512104162
1.2781539291674944
1.56739818040594