1.9654642605495969
1.9654642605495967
1.9654642605495967
1.9654642605495967
1.9654642605495967
1.9654642605495967
1.9654642605495967
1.9654642605495964
1.9654473931423204
1.9654473931423202
1.9654473931423202
1.96544739314232
1.9654473931423198
1.9654473931423198
1.9654473931423195
1.9654473931423195
1.9654403131115459
1.9654403131115459
1.9654403131115457
1.9654403131115457
1.9654403131115454
1.9654403131115454
1.9654403131115452
1.9654403131115452
1.9654821540388228
1.9654821540388228
1.965482154038823
1.965482154038823
1.965482154038823
1.9654821540388232
1.9654821540388232
1.9654821540388232
1.965465289191516
1.965465289191516
1.965465289191516
1.965465289191516
1.965465289191516
1.965465289191516
1.965465289191516
1.965465289191516
1.9654386445453123
1.9654386445453123
1.9654386445453123
1.9654386445453123
1.9654386445453123
1.9654386445453123
1.9654386445453125
1.9654386445453125
1.9654022223961187
1.9654022223961185
1.9654022223961185
1.9654022223961183
1.965402222396118
1.965402222396118
1.9654022223961178
1.9654022223961178
1.96537558685446
1.96537558685446
1.96537558685446
1.96537558685446
1.9653755868544598
1.9653755868544598
1.9653755868544598
1.9653755868544598
1.9652902746263985
1.9652902746263985
1.9652902746263983
1.9652902746263983
1.9652902746263983
1.965290274626398
1.965290274626398
1.9652902746263978
1.9652538726333908
1.9652538726333906
1.9652538726333906
1.9652538726333904
1.9652538726333904
1.9652538726333901
1.9652538726333901
1.96525387263339