3.5
5.283171912832931
5.719939637826962
5.719939637826962
5.719939637826962
5.719939637826962
5.719939637826962
5.719939637826962
5.719939637826962
5.719939637826962
5.719939637826962
10.043500511770727
10.812818458017375
9.377668665573065
7.6049586776859455
6.884397340268929
6.412525992991454
6.636692985425972
6.373633912607921
5.580618634712825
5.7379359810359984
5.720389727099078
6.226307303527567
6.3995350490391
5.427216066482001
6.039799406911679
5.753758226719429
5.694441238820869
6.619680668324712
9.538281249999999
11.819230769230773
12.682461436367682
13.030128946630962
12.914169222838078
12.244813027744284
10.7931664763771
9.990418361372178
7.801381381381386
6.652433890200878
6.16472212759843
6.763896784063603
6.3730379068128435
6.129712146376712
6.098847804630667
5.799749269567489
4.962659123055163
4.751999999999999
4.9833288621894365
5.153477218225419
5.605495708696197
5.743838136112815
6.639336840164345
7.021288139165292
11.373791821561342
13.238333333333326
13.887729615861213
14.133577466021523
13.680570037567271
13.259555391207066
12.209545132614128
10.659354791038806
8.982014388489203
7.645454545454545
7.442045454545453
7.40508373205742
7.6001018482453375
6.74955555555555
5.894449440541245
5.921537147796567
5.054278990888
5.335430463576162
5.4603482284193525
6.786191536748326
5.827946120118473
6.39126994721216
6.587666648012725
8.51558358272765
11.004280155642027
12.347916666666668
12.47675593294513
11.918908890834256
12.505199955983539
12.748272642390294
11.761089506724712
10.816232455382536
8.722867513611599
7.615177407763797
7.164078005419993
7.642571786958585
6.941773288185892
6.590704363881278
5.910592733322793
5.494539970624025
5.165333170694004
4.908989034820226
5.061234760890572
4.563888888888896
5.014974146992826
5.111701658304049
5.910095429019067
6.686657236307657
10.524707259953155
11.960368663594473
12.711530784407138
12.441348523456483
12.501759965111209
12.628977966969165
11.84376000620407
9.454649006622518
7.927197766953094
7.447301313369268
7.086246741220066
8.115440461469285
7.87219126007336
6.642620260941344
5.683446967200445
5.633907006713333
5.060204149660551
5.209641130684349
5.192632878928835
4.551681415929209
4.959004009089731
5.16498736396495
6.218273264164536
9.105212177121757
10.767136180659316
11.260650999253757
11.058922819619273
10.618174200296666
11.125968358630116
11.267554303413794
10.783276301267417
10.139851451012973
9.012588715129771
8.723605772495295
8.947672452972673
8.65100606842313
8.009780359071273
7.384625484254003
6.304092476545333
5.58557901435217
5.668792087757684
5.600759685569798
6.099982458008862
5.496159780558891
5.6867800981086285
5.787423192800063
7.013097086559216
8.12174381700729
9.7303230835462
10.410484933670915
10.56205511879519
10.461342970931105
10.961757740900568
11.145250843898433
10.682056631291243
9.434872373617106
8.500106118197564
7.241879882357842
6.247446684581491
6.6399787559971735
6.891283808583111
6.166892503966987
6.1934259737906965
5.519851659991979
5.299723935878675
5.396576623446429
5.623454739164231
6.538147969828258
5.925812638682375
5.977360061275864
6.550051442816471
8.082230824922334
8.999732541852072
9.57191781398923
10.554189285704616
10.870058845557326
10.030610561304758
9.813572862334205
9.093327345709659
9.13103433371201
9.109994904091435
8.777541154936333
8.370937614578631
6.656611368700521
6.432413368590375
6.231352760380449
5.947585525033092
5.538068658133084
5.096572545573721
5.697181387780883
5.891194693881596
5.455896694961158
6.029465948554369
6.341412641969037
6.970041976306428
8.4135297078658
8.360718949537661
9.052119945772787
8.935385769099403
9.713519429273925
9.987221706943867
10.458918420107027
10.407736306186642
9.944349878333066
9.240210549818544
7.7485009130520845
6.640381709078114
6.585158673642124
6.300836377241718
6.002051730824371
5.673434790994739
5.371597882998962
5.195812507083404
5.436799352790243
5.853466430036318
5.841387195121944
5.7756121024777825
6.140464857333662
6.7540639393428314
8.075763855591365
9.693832465267812
9.910851962043754
10.567815170766721
11.177598669522235
10.803370106409444
10.335252799020411
10.065046714251652
9.966227370334927
9.428072382142613
8.059172842837842
7.073495027196294
6.375002982446524
6.2698728471222696
6.224351908193344
5.68062329758055
5.195236340491909
4.90249833440507
5.506041254308562
5.367620167555606