23.5
18.48477306002931
14.563345994608188
10.134529360290037
7.63901125435401
7.271074524557364
7.219403024164473
7.20566708880674
7.205667088806739
7.205667088806739
7.205667088806739
7.205667088806739
7.205667088806738
7.205667088806738
7.205667088806738
7.205667088806737
7.205667088806737
7.205667088806737
7.205667088806736
7.205667088806736
7.205667088806736
7.205667088806736
7.205667088806735
7.205667088806735
8.2
7.345348400335235
7.231623306912816
7.205841358191105
7.205841358191106
7.205841358191106
7.205841358191106
7.205841358191106
7.205841358191106
7.2058413581911065
7.2058413581911065
7.2058413581911065
7.2058413581911065
7.205841358191107
7.205841358191107
7.205841358191107
7.205841358191107
7.205841358191108
7.205841358191108
7.205841358191108
7.205841358191108
7.205841358191108
7.205841358191109
7.205841358191109
19.77050078247265
15.722102588089083
11.387646117243984
8.093143056116675
7.334916954824105
7.2195739551409295
7.205837553580393
7.205837553580393
7.205837553580393
7.205837553580392
7.205837553580392
7.205837553580392
7.205837553580391
7.205837553580391
7.205837553580391
7.20583755358039
7.20583755358039
7.20583755358039
7.205837553580389
7.205837553580389
7.205837553580389
7.2058375535803885
7.2058375535803885
7.2058375535803885
16.697231695085232
12.653984046856515
8.67424135973123
7.404724867211904
7.231993174371766
7.206224779024454
7.206224779024454
7.206224779024454
7.206224779024454
7.206224779024453
7.206224779024453
7.206224779024453
7.206224779024453
7.206224779024452
7.206224779024452
7.206224779024452
7.206224779024451
7.206224779024451
7.206224779024451
7.206224779024451
7.20622477902445
7.20622477902445
7.20622477902445
7.20622477902445
9.678427037270986
7.544724835584308
7.272606251512848
7.220999259790733
7.207281446711628
7.207281446711629
7.207281446711629
7.207281446711629
7.2072814467116295
7.2072814467116295
7.20728144671163
7.20728144671163
7.207281446711631
7.207281446711631
7.207281446711631
7.207281446711632
7.207281446711632
7.207281446711633
7.207281446711633
7.207281446711634
7.207281446711634
7.207281446711634
7.207281446711635
7.207281446711635
7.474978684704136
7.263233061233743
7.2210836741126325
7.207374891220914
7.207374891220914
7.207374891220913
7.207374891220913
7.207374891220913
7.207374891220912
7.207374891220912
7.207374891220911
7.207374891220911
7.20737489122091
7.20737489122091
7.20737489122091
7.207374891220909
7.207374891220909
7.207374891220908
7.207374891220908
7.207374891220908
7.2073748912209075
7.2073748912209075
7.207374891220907
7.207374891220907
7.526009720603672
7.262921910379517
7.220800917551481
7.2071012245465935
7.2071012245465935
7.2071012245465935
7.2071012245465935
7.2071012245465935
7.2071012245465935
7.2071012245465935
7.207101224546593
7.207101224546593
7.207101224546593
7.207101224546593
7.207101224546593
7.207101224546593
7.207101224546593
7.207101224546593
7.207101224546593
7.207101224546593
7.207101224546592
7.207101224546592
7.207101224546592
7.207101224546592
14.255920450085085
9.76943372240655
7.568307628077619
7.2722928500305635
7.220789852044128
7.207099777857493
7.207099777857493
7.207099777857493
7.207099777857492
7.207099777857492
7.207099777857492
7.207099777857492
7.207099777857491
7.207099777857491
7.207099777857491
7.207099777857491
7.20709977785749
7.20709977785749
7.20709977785749
7.20709977785749
7.207099777857489
7.207099777857489
7.207099777857489
7.207099777857489
13.64232514837662
9.287908924622393
7.474481985276127
7.263142385751188
7.221076468465241
7.207394989150261
7.207394989150261
7.207394989150261
7.207394989150261
7.20739498915026
7.20739498915026
7.20739498915026
7.20739498915026
7.20739498915026
7.20739498915026
7.20739498915026
7.20739498915026
7.20739498915026
7.20739498915026
7.20739498915026
7.20739498915026
7.20739498915026
7.20739498915026
7.20739498915026
14.36461805092659
9.934264666088952
7.588798540033712
7.272594490369634
7.221157878578825
7.207485776658988
7.207485776658988
7.207485776658988
7.207485776658988
7.207485776658988
7.207485776658988
7.207485776658988
7.207485776658987
7.207485776658987
7.207485776658987
7.207485776658987
7.207485776658987
7.207485776658987
7.207485776658987
7.207485776658987
7.207485776658987
7.207485776658987
7.207485776658987
7.207485776658987