9.0
9.0
9.0
9.0
9.0
9.0
9.0
9.0
9.0
9.0
9.0
9.0
9.0
9.0
9.0
9.0
9.0
9.0
9.0
9.0
9.0
9.0
9.0
9.0
6.2
6.2
6.2
6.2
6.2
6.2
6.2
6.2
6.2
6.2
6.2
6.2
6.2
6.2
6.2
6.2
6.2
6.2
6.2
6.2
6.2
6.2
6.2
6.2
8.3
8.3
8.3
8.3
8.3
8.3
8.3
8.3
8.3
8.3
8.3
8.3
8.3
8.3
8.3
8.3
8.3
8.3
8.3
8.3
6.479136648849622
6.3307927103132435
6.23152100773317
6.196710155610056
7.711369378473973
7.027066304692952
6.704367632214293
6.646417872601644
6.251124191830587
5.950667643613098
5.824911943622914
5.800676551479772
5.7919773229984415
5.7710294243448
5.7474856236934455
5.6777241857455305
5.662605216098105
5.7091956777298325
5.698658241346605
5.778664258802422
5.918133287982736
6.0444432696463215
6.308418454986973
6.496045568711347
6.598693969029009
6.646241422904783
6.633238817597463
6.433546843516412
6.504136532612344
6.197237802262516
6.0711473641147755
5.99515568238825
5.975526073590494
5.956329950090117
5.934085214911897
5.97714266992245
6.050252572683301
6.048445952990325
6.095036464610796
6.106267670573552
6.117724562533025
6.14523661439347
6.225742394600327
6.29621453218506
6.380941530447255
6.377640329579133
6.352483216515469
6.307567119257437
6.272874765054673
6.263556340092106
6.263952826409838
6.222540610802588
6.485496080927175
6.2725417168267334
6.14162962722434
6.074418884261874
6.068237384917446
5.96563142459513
5.876016571514149
5.795784423621782
5.724223203836266
5.800057862908052
5.857525607340214
5.852851582091883
5.852256210822088
5.886221877354625
5.954383088507638
6.0310881686644775
6.1200854416562445
6.210626329198007
6.342472475470481
6.410566952829668
6.463279184749156
6.4769599805175035
6.443949108492796
6.337249939155488
6.410195852534568
6.25296357786196
6.261913227143672
6.239225625384187
6.132981853961246
6.115610183532707
6.16631820441359
6.116559332842213
6.085234609718292
6.061975527510517
6.042973491959491
6.027280005775639
6.0248663859242235
6.030114749852143
6.072173488589539
6.124793970062808
6.222694749481403
6.268428295480318
6.287910843109688
6.306932056254069
6.31893035454296
6.327380053685099
6.3253704005409395
6.287335967431579
6.8800566241985
6.447306060280203
6.269881238926159
6.077864466085255
6.040316327803005
5.94427616366494
5.807867776389084
5.683615158250957
5.656695143785315
5.6213595627841215
5.546723395475579
5.55414819254912
5.5487152051413435
5.605487773783201
5.656470725452518
5.739948212062362
5.848308394677651
6.02330533106691
6.298738675068947
6.5214167805837135
6.739772778998797
6.811697204679822
6.5930947568775276
6.4262419763324194
6.298176311804597
6.0890869002925445
6.024676681063709
6.031029819796123
6.094943902956554
6.180297669042357
6.21326189939864
6.175749520051643
6.128319659176866
6.061261976401386
6.025511038057393
6.0015013911077135
5.937835727004802
5.907020265268235
5.896691212741094
5.906094777794743
5.987305108639927
6.128509866063269
6.24917275923124
6.322598684165792
6.365891322089862
6.376704686575492
6.349982319503567
6.298407165537748
6.513844644506002
6.414547967247464
6.36812932947648
6.324629766872684
6.263398999254728
6.199959880598181
6.18112564760884
6.202788338770109
6.1617207375115735
6.112913312176225
6.066891254091703
6.0276860425023555
6.004698574475355
5.97891138857504
5.954954593215883
5.952670635888867
5.998856855914847
6.082118447796625
6.153256407668973
6.219256396076114
6.2688419810506035
6.257117524594508
6.279026707923927
6.300373266136596