9.77786458333332
10.949902291666662
11.311173416100964
12.67238811618636
13.18045116156405
14.341635500139047
14.341635500139047
14.261619830036082
12.384735812133066
11.903635539660536
9.325117703533104
7.800377389722929
6.98682089678521
6.519726505752815
6.436898949916149
6.501271544331069
6.43218954102257
6.43218954102257
6.096173615077108
6.0432025157527605
6.051751428990507
6.1129319164203295
6.392291544122951
6.991188670324052
9.4
9.4
9.4
9.4
9.4
9.4
9.4
12.114510489510481
12.114510489510481
12.114510489510481
11.299542736545902
10.485858483218053
9.619771350304921
8.941898014481183
8.731527361265055
7.7023417604789675
7.357953057553355
6.69852348993289
6.69852348993289
6.551764234162001
7.398561151079138
7.49473690395474
8.942186032646216
10.529564186261654
9.676160714285711
11.365079339176928
12.186131634913822
12.524833786113016
12.952157284937249
12.952157284937249
14.413093980992604
15.894826004481876
16.083913717918872
14.822459697620284
13.923448441180383
13.0891762260728
13.0891762260728
13.0891762260728
13.0891762260728
13.0891762260728
13.0891762260728
13.0891762260728
13.0891762260728
9.158073394495435
9.158073394495435
9.158073394495435
8.310069848661229
8.224887760625684
8.1662938105891
7.369500898828603
7.675206471025044
9.113236978706993
9.113236978706993
9.113236978706993
9.113236978706993
9.113236978706993
9.113236978706993
9.113236978706993
9.113236978706993
9.113236978706993
9.302217710351846
9.302217710351846
9.302217710351846
9.302217710351846
9.302217710351846
9.302217710351846
9.302217710351846
9.302217710351846
9.302217710351846
8.0927459154789
8.0927459154789
7.418202805467641
18.74433534743203
18.74433534743203
18.74433534743203
18.74433534743203
18.74433534743203
18.74433534743203
18.74433534743203
18.74433534743203
18.74433534743203
18.74433534743203
18.74433534743203
15.260016889656177
12.621183457098269
12.4452776554241
11.448824629074467
10.17336690733949
10.17336690733949
10.17336690733949
10.17336690733949
10.17336690733949
10.17336690733949
10.17336690733949
10.17336690733949
10.17336690733949
10.520242424242413
10.520242424242413
10.520242424242413
10.520242424242413
10.520242424242413
10.520242424242413
10.520242424242413
10.520242424242413
10.520242424242413
10.425193199381765
10.425193199381765
9.49565943238731
7.699512217063781
7.699512217063781
7.699512217063781
7.699512217063781
7.699512217063781
7.699512217063781
7.699512217063781
7.699512217063781
7.699512217063781
7.699512217063781
7.699512217063781
7.333914917113527
7.1
7.510144927536231
8.438699844124553
9.457160534410058
9.457160534410058
9.457160534410058
9.457160534410058
9.457160534410058
9.457160534410058
9.457160534410058
9.457160534410058
9.457160534410058
8.664249771271711
8.664249771271711
8.664249771271711
8.664249771271711
8.664249771271711
8.664249771271711
8.664249771271711
8.664249771271711
8.664249771271711
7.844722731048702
7.844722731048702
9.00881801125704
10.4
10.4
10.4
10.4
10.4
10.4
10.4
10.4
10.4
10.4
10.4
10.4
10.4
8.913768115942032
8.07094700668161
8.264993966082736
8.264993966082736
8.264993966082736
8.264993966082736
8.264993966082736
8.264993966082736
8.264993966082736
8.264993966082736
8.264993966082736
6.0
6.0
6.0
6.0
6.0
6.0
6.0
6.0
6.0
6.0
6.0
6.901752464403067
6.901752464403067
6.901752464403067
6.901752464403067
6.901752464403067
6.901752464403067
6.901752464403067
6.901752464403067
6.901752464403067
6.901752464403067
6.901752464403067
6.901752464403067
6.901752464403067
7.5
7.5
7.5
9.73249744114634
9.73249744114634
9.73249744114634
9.73249744114634
9.73249744114634
9.73249744114634
9.73249744114634
9.73249744114634
9.73249744114634
9.73249744114634
9.73249744114634
9.73249744114634
9.73249744114634
9.73249744114634
9.73249744114634
9.73249744114634
7.603471376370273
7.603471376370273
7.603471376370273
7.603471376370273
7.603471376370273