4.6
5.2155778894472355
5.2155778894472355
5.2155778894472355
5.2155778894472355
5.2155778894472355
5.2155778894472355
5.2155778894472355
5.2155778894472355
5.215577889447236
5.215577889447236
5.215577889447236
5.215577889447236
5.215577889447236
5.215577889447236
5.215577889447236
5.215577889447236
5.215577889447236
5.215577889447236
5.215577889447236
5.215577889447237
5.215577889447237
5.215577889447237
5.215577889447237
4.2
5.263817663817663
5.263817663817663
5.263817663817663
5.263817663817663
5.263817663817663
5.263817663817663
5.263817663817663
5.263817663817663
5.263817663817663
5.263817663817663
5.263817663817663
5.263817663817663
5.263817663817663
5.263817663817663
5.263817663817663
5.263817663817663
5.263817663817663
5.263817663817663
5.263817663817663
5.263817663817663
5.263817663817663
5.263817663817663
5.263817663817663
4.605084745762712
4.605084745762712
4.605084745762712
4.605084745762712
4.605084745762712
4.605084745762712
4.605084745762712
4.605084745762711
4.605084745762711
4.605084745762711
4.605084745762711
4.605084745762711
4.605084745762711
4.605084745762711
4.605084745762711
4.605084745762711
4.605084745762711
4.605084745762711
4.605084745762711
4.605084745762711
4.605084745762711
4.605084745762711
4.605084745762711
4.605084745762711
5.21712846347607
5.21712846347607
5.21712846347607
5.21712846347607
5.21712846347607
5.21712846347607
5.21712846347607
5.21712846347607
5.21712846347607
5.21712846347607
5.21712846347607
5.217128463476071
5.217128463476071
5.217128463476071
5.217128463476071
5.217128463476071
5.217128463476071
5.217128463476071
5.2171284634760715
5.2171284634760715
5.2171284634760715
5.2171284634760715
5.2171284634760715
5.2171284634760715
4.458793969849248
4.458793969849248
4.458793969849248
4.458793969849248
4.458793969849248
4.458793969849248
4.458793969849248
4.458793969849247
4.458793969849247
4.458793969849247
4.458793969849247
4.458793969849247
4.458793969849247
4.458793969849247
4.458793969849247
4.458793969849247
4.458793969849247
4.458793969849247
4.458793969849247
4.458793969849247
4.458793969849247
4.458793969849247
4.458793969849247
4.458793969849247
4.648401826484016
4.648401826484016
4.648401826484016
4.648401826484016
4.648401826484016
4.648401826484016
4.648401826484016
4.648401826484016
4.648401826484016
4.648401826484016
4.648401826484016
4.648401826484017
4.648401826484017
4.648401826484017
4.648401826484017
4.648401826484017
4.648401826484017
4.648401826484017
4.648401826484018
4.648401826484018
4.648401826484018
4.648401826484018
4.648401826484018
4.648401826484018
4.541610738255033
4.541610738255033
4.541610738255033
4.541610738255033
4.541610738255033
4.541610738255033
4.541610738255033
4.541610738255032
4.541610738255032
4.541610738255032
4.541610738255032
4.541610738255032
4.541610738255032
4.541610738255032
4.541610738255032
4.541610738255032
4.541610738255032
4.541610738255032
4.541610738255032
4.541610738255032
4.541610738255032
4.541610738255032
4.541610738255032
4.541610738255032
4.095945945945946
4.095945945945946
4.095945945945946
4.095945945945946
4.095945945945946
4.095945945945946
4.095945945945946
4.095945945945946
4.095945945945946
4.095945945945946
4.095945945945946
4.095945945945945
4.095945945945945
4.095945945945945
4.095945945945945
4.095945945945945
4.095945945945945
4.095945945945945
4.095945945945945
4.095945945945945
4.095945945945945
4.095945945945945
4.095945945945944
4.095945945945944
4.61544117647059
4.61544117647059
4.61544117647059
4.61544117647059
4.61544117647059
4.61544117647059
4.61544117647059
4.61544117647059
4.61544117647059
4.61544117647059
4.61544117647059
4.61544117647059
4.61544117647059
4.61544117647059
4.61544117647059
4.61544117647059
4.615441176470589
4.615441176470589
4.615441176470589
4.615441176470589
4.615441176470589
4.615441176470589
4.615441176470589
4.615441176470589
4.615328467153286
4.615328467153286
4.615328467153286
4.615328467153286
4.615328467153286
4.615328467153286
4.615328467153286
4.615328467153286
4.615328467153286
4.615328467153286
4.615328467153286
4.615328467153285
4.615328467153285
4.615328467153285
4.615328467153285
4.615328467153285
4.615328467153285
4.615328467153285
4.615328467153284
4.615328467153284
4.615328467153284
4.615328467153284
4.615328467153284
4.615328467153284