25.0
25.0
25.0
25.0
25.0
25.0
25.0
25.0
25.0
25.0
25.0
25.0
25.0
25.0
25.0
25.0
25.0
25.0
25.0
25.0
25.0
25.0
25.0
25.0
5.4
5.4
5.4
5.4
5.4
5.4
5.4
5.4
5.4
5.4
5.4
5.4
5.4
5.4
5.4
5.4
5.4
5.4
5.4
5.4
5.4
5.4903147699758
5.525189692119856
5.5598901596603545
14.9
14.9
14.9
14.9
14.9
14.9
14.9
14.9
14.9
14.9
14.9
14.9
14.9
14.9
14.9
14.9
14.9
14.9
9.3
8.585714285714285
7.8571428571428585
8.494285714285716
8.793714285714287
8.158984126984128
15.8
11.575120772946866
11.575120772946866
9.041219512195127
9.041219512195127
6.712580645161286
6.712580645161286
5.0917857142857095
5.0917857142857095
4.6640740740740725
4.1457961703199775
4.1089782266540595
3.666462820588884
3.5663833170363937
3.6856471642952675
3.6792795337367576
4.1051542840896715
4.754927833760329
6.204317075281013
7.297445960548444
7.999118944088116
8.566370092987333
8.460260283369674
8.67221332079864
7.462794348508627
7.462794348508627
7.021233914272757
7.021233914272757
6.228075584548356
6.228075584548356
5.500434611444995
5.500434611444995
4.952977390533053
4.952977390533053
4.67623174557507
4.67623174557507
4.439100433722387
4.23392689093202
4.2555309254631615
4.176951037319259
4.286388861016528
4.606780707923272
4.734194288399754
5.285039036678023
5.731621842728429
5.964880584805058
6.180578908934311
6.380849492367238
11.975324675324684
9.992526101349634
8.439420505541003
6.618624122341379
5.624610344770482
4.679552753274303
4.317412748111305
4.041236722311803
4.095934163937934
3.7100936251405705
3.7008206782232063
3.5484646949162437
3.352437837198935
3.49305911131254
3.7922356745526193
4.099973590729768
5.544698489793615
6.862691768318054
7.728402823750966
8.375904574073385
8.745934759900136
8.813027527060857
8.641933790754157
8.281227984653462
6.602936378466565
6.935880734273882
6.5220683104161274
6.487748903834901
5.983150729014898
5.977194453355142
5.497229151960538
5.2014414440868295
5.137433080896953
4.837891924801035
4.764658797122138
4.730142018718889
4.843083526980004
4.877237325361908
5.033598760718997
5.028027769243897
5.0169479774687336
4.899650886997283
5.06512200933388
5.053892733224004
5.1685596954778985
5.694890090627711
5.955442757745925
6.018822639722169
12.797590361445783
11.154848484848486
9.47950779471011
7.352187499999998
6.192594758064514
5.01060070671378
4.3635213841842315
4.221942446043164
3.9222204054937886
3.6915708812260526
3.4526104725415077
3.4291338582677175
3.3051347454807574
3.4601503759398495
3.7111337456942857
4.0609970333756635
4.280098577621482
6.212805350273285
7.525458199133475
8.315346769999032
8.793453651952031
8.94171561631614
8.878125669139234
8.580130984184605
13.145427728613575
11.332467441253792
9.944694509776285
8.137969924812028
6.878834171063014
5.4450702767577
5.125199630418112
4.4018558290827485
4.21278293285856
4.037403824641472
3.887270348087589
3.7547771055910744
3.4156407141631298
3.46097946633779
3.697342658481683
3.8291873819652604
4.516930181222399
6.151531902096634
7.0203150195758175
7.844588722272502
8.410620958270819
8.69355566064022
8.771895654611622
8.584564034052875
11.889619377162633
10.054908833390106
8.401549058492497
7.062792949212927
6.1793359030796
5.569327322983171
4.784585290005875
4.435115200894876
4.020470230401789
3.912965516189004
3.695346911337599
3.5629868541543965
3.4053925824897107
3.4309147374245765
3.5279761379014305
3.8648972468245164
4.423860947743211
5.059075887911099
5.978968254314307
6.73589510112938
7.562139598730614
7.798561747027985
7.979433855912569
8.039031587168278