10.23450292397661
9.993524461560407
8.104454094932887
6.551650124088876
5.524867861671482
5.092357440601984
4.834018861416804
4.70252865776258
4.364505263915475
4.30910492361154
4.09574112111007
4.058612895395289
4.123689913961936
4.679744295168745
4.4354317008423125
4.648282024031445
5.266317088142226
6.012936296632513
7.246404042505566
8.124617171732183
8.911245914956455
9.159001906317494
9.342853358401527
9.193681282292323
7.360416666666666
8.113036616161619
6.0749139324903725
5.558454616654271
4.833061794880094
4.535181413817779
4.516876079844153
4.284904424468757
4.158308032835184
4.151927671886832
3.997848053691338
3.9233385376814573
3.793953017136279
4.053046761794715
4.0464147363766925
4.163099352225089
5.635132472461195
6.84113357004482
7.505351950546187
8.426929124299377
8.964330702687114
9.622988343679857
9.536481233276318
9.578643450876925
9.057509157509164
8.236125065410782
7.019678640097361
6.09455742912078
5.412956326065349
4.776392269081964
4.590860376741885
4.408328505249951
4.24892255075804
4.213475110542933
4.062031821624494
4.053118158677829
4.114149725624555
4.559798179794954
4.664776306133141
5.484910511402727
6.184406972776228
7.139084739363753
7.793052820615129
8.705462406193577
9.176010164025302
9.374683834729398
9.381391620659475
8.735411160251322
8.030612244897958
7.878576358079458
6.698152910703148
5.912277263254037
5.337649579638508
4.925668340254696
4.651409926252626
4.386845289748773
4.215279249933725
4.182086598716667
4.144492711469716
3.9818541101064016
4.272461029608104
4.41340615621674
4.897052866236186
5.039678746910956
5.566740474708961
6.56898549440557
6.802251063208184
8.224547628546894
8.190156106432251
9.281403978478963
8.983651741373729
9.071525536282484
9.01873589164786
7.797383295711064
7.129871406175086
5.896143973881702
5.47028090891055
4.955154398712761
4.723260870783347
4.469506299482257
4.197027154181983
4.106193775387278
4.061427114814731
3.982216058204047
4.0216449254198015
4.028467587815848
4.388450006498574
4.606096990765102
5.420879930391832
6.334382788838683
7.125994945375749
8.204452181363104
8.693509838812853
9.251221406559633
9.56530698837879
9.64367767899225
8.18856548856549
8.18856548856549
6.93739101445115
6.93739101445115
5.5075664302639815
5.5075664302639815
4.789014929539802
4.789014929539802
4.338379870444487
4.338379870444487
4.108791110152264
4.108791110152264
4.220853909692109
4.220853909692109
4.75170464960235
4.75170464960235
5.530360073490981
5.530360073490981
6.614788659328871
6.614788659328871
7.603435883368701
7.603435883368701
8.374599365531518
8.374599365531518
9.845945945945944
9.845945945945944
8.995762711864407
8.995762711864407
6.635238095238096
6.635238095238096
5.263963963963964
5.263963963963964
4.28543046357616
4.28543046357616
4.251366120218583
4.251366120218583
4.013963963963967
4.013963963963967
3.8292358803986692
3.8292358803986692
4.814678899082568
4.814678899082568
6.080996884735198
6.080996884735198
7.990545454545453
7.990545454545453
9.24508196721311
9.24508196721311
11.144565217391303
11.144565217391303
9.486153846153845
9.486153846153845
7.094642857142859
7.094642857142859
5.27719298245614
5.27719298245614
4.619753086419754
4.619753086419754
4.5603305785123975
4.5603305785123975
4.248058252427185
4.248058252427185
3.9653543307086596
3.9653543307086596
4.604290429042901
4.604290429042901
5.925316455696201
5.925316455696201
8.617832167832164
8.617832167832164
9.780578512396687
9.780578512396687
12.515789473684212
12.515789473684212
11.266666666666667
11.266666666666667
5.907692307692307
5.907692307692307
4.792857142857143
4.792857142857143
4.266666666666667
4.266666666666667
5.246874999999998
5.246874999999998
4.853061224489796
4.853061224489796
4.520261437908496
4.520261437908496
5.598787878787879
5.598787878787879
8.553703703703706
8.553703703703706
10.799310344827589
10.799310344827589
11.412711864406782
11.412711864406782
7.699999999999999
7.699999999999999
6.183018867924528
6.183018867924528
4.773684210526316
4.773684210526316
4.433333333333333
4.433333333333333
4.48888888888889
4.48888888888889
4.35217391304348
4.35217391304348
3.822699386503068
3.822699386503068
4.095774647887325
4.095774647887325
5.600447545083583
5.600447545083583
7.855960868109242
7.855960868109242
9.50606874062132
9.50606874062132
10.098013977977166
10.098013977977166