11.3
11.3
11.3
11.3
11.3
11.3
11.3
11.3
11.3
11.3
11.3
11.3
11.3
11.3
11.3
11.3
11.3
11.3
11.3
11.3
11.3
11.3
11.3
11.3
2.8
2.8
2.8
2.8
2.8
2.8
2.8
2.8
2.8
2.8
2.8
2.8
2.8
2.8
2.8
2.8
2.8
2.8
2.8
2.8
2.8
2.8
2.8
2.8
5.8
5.8
5.8
5.8
5.8
5.8
5.8
5.8
5.8
5.8
5.8
5.8
5.8
5.8
5.8
5.8
5.8
5.8
5.8
5.8
5.8
5.176917839310039
5.1517897759854
5.002505931325478
5.918247515808487
5.419582232985455
4.992619415407075
4.626258655430483
4.511935584938713
4.425867600736364
4.320340520526193
4.203700637349914
4.084976122625161
3.9731043730842885
3.8707776133586793
3.846412573971502
3.947652816999626
4.056618093349959
4.312966839362423
4.825264510868674
5.34434137887272
5.780726588996919
6.436331060092136
6.875186990780084
7.16254639470746
7.199428923767882
6.9605482340462865
6.108186218165706
5.167870302137058
4.9784716510530185
4.780821836060659
4.6261979784960525
4.4880016908759774
4.426371876213553
4.392664566031187
4.33965612882906
4.284725173369361
4.254527543312711
4.257414390477048
4.192041313206857
4.113478707271613
4.200266757782503
4.3158448415380555
4.517475509713602
4.786158878219145
5.133965533861898
5.420058671791563
5.573369646721647
5.584583013695775
5.567406377540654
5.47289648063336
5.311797770920269
5.035548780487792
4.884590109379289
4.782788922069539
4.609362125625006
4.438235430258564
4.415279554189725
4.337954844473406
4.214276380942096
4.17045557972435
4.158783620367176
4.154400573395298
4.219049091223617
4.278518012881183
4.502076183520344
4.707461717217284
4.912468289207117
5.224731874943947
5.417110417925958
5.67360980981317
5.987615583395926
5.761610095753291
5.627842357261856
5.49050294584782
5.299967881900214
5.097936210131328
4.595267839247159
4.31987702153737
4.410053311526122
4.49939061357155
4.3342779169094605
4.18921458649016
4.074373610430039
3.951939463271542
3.79965842930645
3.6009996584293105
3.6297306303229115
4.124074161444915
4.568464380190407
5.250404546096884
6.183415970819837
7.085626628549489
7.729028915749854
8.19562180576168
8.173027841578374
7.544308621842589
6.752470936720925
5.995348918653241
5.476835240470452
6.3
6.17
7.645454545454545
6.730000000000001
7.122222222222222
6.9684210526315775
7.6834008097165984
7.61535265288728
5.966125470884802
5.01836438221089
4.538100926613967
4.238166804544556
4.060889825962054
3.9104484876064927
3.800094238194945
3.8341964379702462
4.2815678343862436
4.85075305654922
5.2109731326128275
5.91356548760892
6.46105513773572
7.21950473642874
7.348929970276645
7.340743483425688
5.888558446922751
5.19031823849977
4.938738266286838
4.851493337783235
4.643942356784817
4.40246021304198
4.396547885154965
4.284661438706474
4.168600708332727
4.0636271763909955
3.9773781533723773
4.052540729045296
4.145088327908427
4.215857997804
4.4061423783649305
4.650074829716208
4.939482337062136
5.135446577617719
5.565241395107401
5.798181685954305
5.970725697491576
5.951039214244748
5.870757295189891
5.670799096575676
6.116286149162858
5.639235016030054
5.32801358361957
5.146346564507628
4.80441732264217
4.5090668030710255
4.315661032602246
4.240499363462064
4.174157997050033
4.117687960414829
4.002562765246054
3.9760534735221413
3.9346729049782714
4.077458844257471
4.2385461987784145
4.383903344025148
4.658183291280642
5.089785464144639
5.550860693398528
5.968584972095912
6.305374747209021
6.291717975275665
6.130025576655235
5.750611737012789