13.9
11.988988838913873
10.572092552385483
9.480079893655038
8.679623997947555
8.165541873539688
7.857063945023684
7.656517326282828
7.546503911045569
7.488882464698954
7.455602086183644
7.433238792784079
7.404837936209783
7.404712064798524
7.404712064798524
7.404712064798524
7.404712064798525
7.404712064798525
7.404712064798525
7.404712064798526
7.404712064798526
7.404712064798526
7.4047120647985265
7.4047120647985265
4.2
6.076453584407028
6.754535114933281
7.063103967809707
7.235767120626169
7.292347446129947
7.350082897796981
7.3798380595631325
7.404760717945063
7.404760717945062
7.404760717945062
7.404760717945061
7.404760717945061
7.40476071794506
7.40476071794506
7.404760717945059
7.404760717945059
7.404760717945059
7.4047607179450585
7.4047607179450585
7.404760717945058
7.404760717945058
7.404760717945057
7.404760717945057
9.480082392978664
8.680385853437086
8.166390786633029
7.857893086025663
7.657347612715131
7.547329106737092
7.489708419380819
7.456416019587676
7.433935498947104
7.405524923053497
7.405524923053497
7.405524923053497
7.405524923053498
7.405524923053498
7.405524923053499
7.405524923053499
7.405524923053499
7.4055249230535
7.4055249230535
7.4055249230535
7.405524923053501
7.405524923053501
7.405524923053501
7.405524923053502
6.378246067951263
6.8972695068270395
7.137712376813891
7.235437453691905
7.292020716800203
7.349688672828966
7.379324099265627
7.404221382628076
7.404221382628076
7.404221382628076
7.404221382628076
7.4042213826280765
7.4042213826280765
7.4042213826280765
7.404221382628077
7.404221382628077
7.404221382628077
7.404221382628077
7.404221382628078
7.404221382628078
7.404221382628078
7.404221382628079
7.404221382628079
7.404221382628079
6.630870514820601
6.989343410851039
7.184076346848856
7.29280635863041
7.350421816773011
7.380038347497403
7.404904815786623
7.404904815786623
7.404904815786623
7.404904815786624
7.404904815786624
7.404904815786624
7.404904815786624
7.404904815786625
7.404904815786625
7.404904815786625
7.404904815786625
7.404904815786626
7.404904815786626
7.404904815786626
7.404904815786626
7.404904815786627
7.404904815786627
7.404904815786627
9.031019557550481
8.348800598663516
7.948600053727855
7.711213020760709
7.570084228105916
7.517788555909466
7.455938715727656
7.433242393913555
7.404734128460614
7.404734128460614
7.404734128460614
7.404734128460614
7.404734128460614
7.404734128460614
7.404734128460614
7.404734128460614
7.404734128460614
7.404734128460614
7.404734128460614
7.404734128460614
7.404734128460614
7.404734128460614
7.404734128460614
7.404734128460613
6.944641895530406
7.161057166067163
7.292320935609277
7.349792412051039
7.379326291521414
7.404137862369443
7.404137862369442
7.404137862369442
7.404137862369442
7.404137862369442
7.404137862369441
7.404137862369441
7.404137862369441
7.404137862369441
7.404137862369441
7.40413786236944
7.40413786236944
7.40413786236944
7.40413786236944
7.404137862369439
7.404137862369439
7.404137862369439
7.404137862369439
7.4041378623694385
11.302396300448427
10.005000756345295
9.030701504005165
8.347199480442107
7.947776369573816
7.710447308011748
7.5694052472336715
7.517234989325663
7.455375735974426
7.432467466395534
7.40403537833065
7.404035378330651
7.404035378330651
7.404035378330651
7.404035378330651
7.404035378330652
7.404035378330652
7.404035378330652
7.4040353783306525
7.4040353783306525
7.4040353783306525
7.4040353783306525
7.404035378330653
7.404035378330653
7.235807182913723
7.292480916368682
7.3498426437848146
7.379319713496538
7.40408349608004
7.404083496080039
7.404083496080039
7.404083496080039
7.404083496080039
7.404083496080038
7.404083496080038
7.404083496080038
7.404083496080038
7.4040834960800375
7.4040834960800375
7.4040834960800375
7.4040834960800375
7.404083496080037
7.404083496080037
7.404083496080037
7.404083496080036
7.404083496080036
7.404083496080036
7.404083496080036
7.1384331906799705
7.235842576471423
7.292365422909085
7.349668224079
7.3791124534711106
7.403852824916746
7.403852824916746
7.403852824916746
7.403852824916747
7.403852824916747
7.403852824916747
7.403852824916748
7.403852824916748
7.403852824916749
7.403852824916749
7.403852824916749
7.40385282491675
7.40385282491675
7.40385282491675
7.403852824916751
7.403852824916751
7.403852824916751
7.4038528249167515
7.4038528249167515