20.1
20.1
20.1
20.1
20.1
20.1
20.1
20.1
20.1
20.1
20.1
20.1
20.1
20.1
20.1
20.1
20.1
20.1
20.1
20.1
20.1
20.1
20.1
20.1
2.3
2.3
2.3
2.3
2.3
2.3
2.3
2.3
2.3
2.3
2.3
2.3
2.3
2.3
2.3
2.3
2.3
2.3
2.3
2.3
2.3
2.3
2.3
2.3
17.9
17.9
17.9
17.9
17.9
17.9
17.9
17.9
17.9
17.9
17.9
17.9
17.9
17.9
17.9
17.9
17.9
17.9
17.9
17.9
17.9
17.9
17.9
17.9
13.5154255319149
9.479644588045232
6.896194409729637
5.5204761964001925
4.446627923367452
3.80228791112924
3.527589494125187
3.3725464237808023
3.3355228256383804
3.2878439983712044
3.1827280489108305
3.1307044852411177
3.0580361849393483
3.0317922215721183
3.2403416448053917
4.185384039898796
5.755985673468149
8.25875931232106
11.167717093430554
13.332497507743922
14.39595974365064
15.069981450419494
15.079015567599463
14.032533944298885
11.505740666399026
9.0902442286938
6.968308551178237
5.57226575219348
4.510451755321857
3.9457628124573465
3.606299245609765
3.4355373716868978
3.322265758352582
3.218148548650134
3.1424682394704884
3.102125421536155
3.078251080712848
3.0583114884880147
3.4372715255272333
3.8745936611445524
4.89509110971988
6.005657435143933
7.197197490845979
8.718503832954111
10.291791055107497
11.939641279305208
12.519765489823444
12.190315596596173
11.209131803868637
8.457404318082771
6.287732251799201
5.132919080913146
4.32116922932402
3.830357050367088
3.5747247513163734
3.431139953346434
3.3010778450786065
3.2009702382559966
3.132404286530076
3.0846719663994513
3.0870263959770354
3.069157827462271
3.469766774973884
3.989451081636261
5.024807097803132
6.223490150842716
7.587705102861847
9.12132879746856
10.575690479793062
12.11512618308725
12.682676982737204
12.096723585235992
10.311746724890837
8.191077350864292
6.289346476955752
5.150359767992294
4.31154320564912
3.8218120012595875
3.5518687426165143
3.387748425587891
3.2815149860349755
3.1776168838854444
3.1040329549206693
3.06665538427221
3.0630233986278124
3.076423231240027
3.4528390883558018
4.0552414872608376
4.926876985411838
5.972001049228813
7.291553946795525
8.818015249154795
9.92321892904451
11.107241450401634
11.894350466493227
11.834831033560732
11.383971184151292
9.145761617715625
6.96924797181099
5.439852671702366
4.501661683961076
3.96784504235171
3.6289688733945553
3.4425495373573813
3.338248371282421
3.219352143614538
3.1457655862355534
3.1001717124754418
3.071461604504805
3.0408092991968214
3.3241350724728917
3.7445644689695095
4.7269811458691695
5.593297652913642
7.03150903009804
8.319052562090494
9.784799285593678
11.62521659232801
12.555189100906
12.367542478441758
12.71615598885795
10.355252521371629
7.506410340692465
5.508354657393554
4.513003497490133
3.9698800715512688
3.632065091149394
3.4335331137731826
3.3243395945243077
3.2253342289049933
3.1430549888387476
3.1147272535902193
3.060359088479828
3.0343672780002566
3.075241137678744
3.7774636293731367
4.679081055072666
5.363327565269457
6.774494237346249
8.530052322390544
10.199798503443569
12.550625468500197
13.294081463875436
13.201904725345837
10.561137440758298
8.244630427836286
6.456207438326227
5.243519952922759
4.438475276055565
3.9007744966854343
3.5846759039883245
3.4056560464581898
3.2872066251581478
3.1905640743357653
3.115423812088181
3.149691240773994
3.061223998239938
3.0353969841380457
3.534956555388349
3.874940631854455
4.840887417301285
5.7662330694790604
6.795732706762237
8.243219453787617
9.962950140567639
11.2633220112431
11.979229029452224
11.913779445046977