2.6666666666666665
2.6666666666666665
2.6666666666666665
2.6666666666666665
2.6666666666666665
2.6666666666666665
3.0
2.7777777777777772
1.0
5.0
4.0
3.0
3.0
3.0
3.0
3.0
2.0
2.0
2.0
2.0
2.0
3.5
3.5
3.5
2.0
4.0
4.0
4.0
4.0
4.0
4.0
3.0
4.2
4.2
4.2
4.2
4.2
4.2
4.1
4.1
4.5
3.8
3.8
3.8
3.8
3.8
4.266666666666667
3.6888888888888887
4.666666666666667
4.666666666666667
4.666666666666667
4.666666666666667
4.666666666666667
4.666666666666667
4.0
4.333333333333334
5.5
6.0
4.0
4.0
4.0
4.0
4.0
4.0
5.0
5.0
5.0
5.0
5.0
4.5
4.5
4.5
3.0
3.6666666666666665
3.333333333333333
3.333333333333333
3.333333333333333
3.0
3.0
3.5