2.217391304347826
2.6
2.3464285714285715
2.274281358885017
1.9002798639231564
2.1545601559907683
2.2537687861069187
2.1755852842809364
2.089108910891089
2.603448275862069
2.1145320197044333
1.9059934318555005
1.8281107462141943
1.9713517910356992
1.79995113974999
2.079965767721466
1.75
1.625
1.625
2.1931818181818183
2.417446524064171
2.0278297682709447
2.222638146167558
2.0955882352941178
1.8
1.8
1.8
1.8
1.9484848484848485
4.237121212121212
3.2880892255892253
2.0
0.0
2.0
2.2142857142857144
2.2142857142857144
2.7380952380952386
2.0952380952380953
2.0999784529196295
2.372093023255814
2.1818181818181817
2.1818181818181817
2.090909090909091
2.090909090909091
2.0454545454545454
2.0454545454545454
2.0454545454545454
2.047430830039526
1.25
1.25
0.625
1.5178571428571428
1.5178571428571428
2.002232142857143
1.5927353896103895
2.1847826086956523
1.0
3.0
3.0
2.5
2.8333333333333335
2.1458333333333335
2.3741319444444446
2.4508196721311477
1.9090909090909092
2.8181818181818183
2.868686868686869
1.4217171717171717
2.2826599326599326
1.7057987280209503
1.9961528868936274
3.13986013986014
2.84375
2.6721311475409837
2.4140279961074933
2.3707077034603126
2.2263221168622627
2.3467892352584427
2.2211570618203855
2.1954987496526814