1.0
1.0
1.0
0.6666666666666666
0.8333333333333333
0.75
1.375
0.75
0.6666666666666666
0.5
0.5
0.5
0.5
0.5
0.5
1.0
0.25
1.0
1.0
1.0
1.0
1.0
1.0
0.75
0.6666666666666666
0.5
0.25
0.25
0.25
0.25
0.25
0.7916666666666666
0.25
1.3
1.65
1.4874999999999998
1.5687499999999999
1.5281249999999997
1.5484375
1.1583333333333332
1.0
1.3333333333333333
1.1666666666666665
1.1666666666666665
1.1666666666666665
1.1666666666666665
1.1666666666666665
1.3
1.5
2.3
2.3
2.6500000000000004
2.475
2.5625
2.51875
2.12
3.0
2.3333333333333335
2.166666666666667
2.166666666666667
2.166666666666667
2.166666666666667
2.166666666666667
2.3
1.5
1.6666666666666667
2.3333333333333335
2.0
2.166666666666667
2.0833333333333335
2.125
2.0
2.0
1.3333333333333333
1.3333333333333333
1.3333333333333333
1.3333333333333333
1.3333333333333333
1.3333333333333333
1.3333333333333333