0.6
0.6
0.6
0.6
0.6
0.6
0.6
0.6
0.8571428571428571
0.8571428571428571
0.8571428571428571
0.8571428571428571
0.8571428571428571
0.8571428571428571
0.8571428571428571
0.8571428571428571
1.25
1.25
1.25
1.25
1.25
1.25
1.25
1.25
1.25
1.25
1.25
1.25
1.25
1.25
1.25
1.25
1.0
1.2272727272727273
1.2272727272727273
1.2272727272727273
1.2272727272727273
1.2272727272727273
1.2272727272727273
1.2272727272727273
0.6
0.6
0.6
0.6
0.6
0.6
0.6
0.6
0.5
0.5
0.5
0.5
0.5
0.5
0.5
0.5
0.8333333333333334
0.8333333333333334
0.8333333333333334
0.8333333333333334
0.8333333333333334
0.8333333333333334
0.8333333333333334
0.8333333333333334
0.5
0.5
0.5
0.5
0.5
0.5
0.5
0.5
0.75
0.75
0.75
0.75
0.75
0.75
0.75
0.75