0.0
0.0
0.0
0.0
0.5
1.875
1.71875
2.4296875
2.0
2.0
3.0
2.25
2.0833333333333335
2.047619047619048
2.5238095238095237
2.5238095238095237
2.0
4.5
4.5
4.5
4.5
4.0
2.3333333333333335
1.1666666666666667
4.0
3.5
3.5
6.0
5.0
4.0
4.0
4.0
3.5
3.75
3.4583333333333335
3.6145833333333335
3.3229166666666665
3.3229166666666665
2.0
2.5
3.0
2.0
3.3333333333333335
3.111111111111111
3.111111111111111
3.111111111111111
3.0
3.0
2.0
2.0
2.0
1.0
2.0
1.5
2.25
2.25
0.0
1.0
0.3333333333333333
0.3333333333333333
0.3333333333333333
0.16666666666666666
0.03333333333333333
1.0055555555555555
1.6666666666666667
2.523809523809524
2.523809523809524
3.0
4.0
4.0
2.6666666666666665
1.5555555555555554
0.0
0.0
0.0
1.0
1.0
1.0
1.0
1.0