1.072992700729927
1.2514037057832679
1.3260300883653233
1.5515758279649536
1.475267308140903
1.2741918847887153
1.3009163116152003
1.2371704304899478
1.6111111111111112
1.6947128287707998
1.8533069981213097
2.182001416206579
1.7451897924024682
1.47893581237346
1.4905765996452427
1.9371152744272873
1.8613569321533923
1.8850376925598167
1.6716496640445755
1.6642528571724056
1.5994724098533746
1.9182337007457082
2.316359419735854
2.262412492492569
2.41025641025641
2.5186480186480185
2.028999053751529
2.230972021354906
2.1541068845991647
2.3690139994766963
2.21986497913362
2.147075762595008
1.625
1.9602272727272727
2.3765233860342554
2.3506425974723073
2.3490368193266744
1.8650195056692869
1.9746469782256764
2.0876031658997602
2.357142857142857
2.2072510822510822
2.0226937516760524
2.1045569474773016
1.931856868655698
1.8235395559931804
2.2209056720381692
2.178527106826954
1.7322834645669292
1.6708661417322834
1.7036276715410577
1.655941535200662
1.3880785596281935
1.7826688994254285
1.7290513356052846
1.3957524582705978
0.9605263157894737
1.1657268170426065
1.4794603151332368
1.5230423975777085
1.6002502712710946
1.4966125764601768
1.1972925150766005
1.134989193139436
1.4871794871794872
1.4024042804530608
1.3555833507053021
1.1757987631158362
1.2746277677109445
1.1621933821165882
1.2290800614682509
1.3075164386071192
1.438235294117647
1.3125272331154685
1.6389736141370126
1.7092146272089084
1.5315499995604835
1.7551686737456274
1.59772587780072
1.7370864002093453