0.2789946967950196
0.335196731885616
0.3525779385838053
0.3220802490955289
0.3366339386753126
0.3465330798139889
0.31581928074639426
0.33566703775064854
0.4104644088420199
0.3944853751934954
0.368863496197845
0.4365768332026873
0.5055982529028801
0.3871193286624334
0.32393415213871035
0.40036080769971016
0.4540280763880106
0.5168964046370679
0.38288480235744604
0.48445217398816237
0.5005653495509897
0.5914332174327821
0.49957914176368995
0.5279512358240898
0.5009967605282831
0.6281529458796317
0.5886577367819622
0.6259116825967861
0.5952416435743267
0.5733143895900552
0.5576296664205042
0.5476247264784244
0.5285021924763443
0.5701084034217486
0.5272642282833484
0.5807887946219263
0.5651871634522876
0.5186602323779901
0.46299961176331833
0.516706351774543
0.5983364636436812
0.5113096104958488
0.47869157815153096
0.5209091133668095
0.5636245097656293
0.5384902131988364
0.4248454747430277
0.43001694381179384
0.5198655256723717
0.5086346341064648
0.4603538653632217
0.44575726994421755
0.49370985832644987
0.5077645871377776
0.37669864848898765
0.3871551435724011
0.37777777777777777
0.5138640261743128
0.38420885367299423
0.435055764192526
0.42946726948068714
0.44969576947422524
0.3437145951206558
0.3868829560516682
0.32784512393703635
0.4620363036688534
0.38393813073528427
0.45179643401259506
0.39963255255768215
0.37421180677154575
0.33490384204193974
0.40175759054301474
0.3201594730455885
0.3923712255156873
0.3399330824865052
0.4305811969052229
0.4486764180458616
0.3665354629608417
0.2960278690270329
0.38651340089234343