1.6071428571428572
1.65
1.5555555555555556
1.7321428571428572
1.6470588235294117
1.7920792079207921
1.7485549132947977
1.734375
1.4090909090909092
1.5740740740740742
1.740983606557377
1.375
1.635135135135135
1.6741935483870967
1.6957813428401665
1.7142857142857142
1.846335697399527
1.892156862745098
1.9615384615384615
1.8070175438596492
1.5770992366412213
1.6289156626506025
1.6710963455149501
1.6666666666666667
2.0036764705882355
1.7252252252252251
1.6823770491803278
1.7380868970640375
1.7701149425287357
1.7339449541284404
1.749288279611587
1.6582278481012658
1.8101604278074865
1.7244897959183674
1.6861702127659575
1.6594464500601684
1.5927332379719819
1.6611111111111112
1.6954732510288066
1.7484177665263396
1.6525759577278731
1.5660377358490567
1.6330275229357798
1.6666666666666667
1.82
1.5454545454545454
1.7741935483870968
1.6363636363636365
1.8357142857142856
1.7114914425427872
1.6304347826086956
1.6486486486486487
1.8035714285714286
1.7
1.7688235294117647
1.8092485549132948
1.8529411764705883
1.6746987951807228
1.7570422535211268
1.71301775147929
1.4285714285714286
1.541062801932367
1.6349206349206349
1.72
1.4833333333333334
1.6610407876230662
1.6411906677393404
1.6578947368421053
1.75
1.6608695652173913
1.5816326530612246
1.6504237288135593
1.8217877094972068
1.627659574468085
1.6768558951965065
1.6893392823239035
1.6590909090909092
1.7308686988595412
1.6974785795559109
1.702127659574468