4.637037037037036
5.980701754385965
10.525
10.464705882352941
10.81257606490872
11.697286821705422
11.942201834862386
13.066666666666665
12.95
14.310000000000002
12.198173515981736
9.879310344827584
16.2
11.1
10.48
8.403787878787881
6.4333333333333345
4.7
4.4
4.276470588235295
4.540990320178703
4.014018691588785
3.8
4.683333333333334
4.42
5.533333333333334
5.533333333333334
5.533333333333334
10.149999999999999
11.875
13.866666666666667
13.866666666666667
13.866666666666667
15.05
13.643749999999999
11.95
11.95
11.95
15.15
11.721428571428573
9.366666666666667
9.366666666666667
9.366666666666667
7.7
8.633333333333335
6.0
1.7
3.5
6.054545454545454
6.3
6.3
6.3
9.166666666666666
12.792307692307691
16.82
16.82
16.82
17.7
14.618181818181817
10.7
10.7
10.7
7.9
6.477777777777777
4.0
4.0
4.0
5.35
5.5473684210526315
4.8999999999999995
4.8
4.82
4.496969696969697
6.112500000000002
6.066666666666666
5.633333333333333
8.225
9.348453608247423
11.065697674418608
12.08478260869565
14.618478260869566
14.252380952380955
13.46419413919414
10.470967741935482
10.727500000000003
12.0409375
9.358620689655174
8.140425531914891
6.757843137254899
5.706666666666668
4.980666666666667
5.284
4.983585185185185
4.446951219512193
3.9190839694656487
3.876335877862595
4.397560975609756
4.657298311444652
6.630581039755357
7.408021719603155
8.402298850574711
9.362182872527699
10.405890389647192
11.181363636363628
11.87168312220567
11.412549469062522
10.275291963556409
10.17327441795542
8.576861280577774
8.420901164849946
7.278803813366336
6.566209701639796
6.055556629273599
5.216491566272992
5.080655101291617
4.533586351682483
4.269040929305171
4.212704565373707
4.174928740518421
4.0812028036384325
4.983190578158455
6.041850702962494
6.647181140411306
6.7438323937202505
8.03448088795812
9.67979057591623
10.502128936095602
11.097108977625737
10.954680030799599
11.002174538664407
9.88261986951667
8.814478541402087
8.506810516164325
8.137144755607613
7.593154613767627
6.3736397735416634
5.523268062793554
5.232503370735571
4.935377544203223
4.476609598463992
4.249886581369421
4.140251681754159
4.1509681159868554
4.264457684575289
4.674550898203592
6.349972277666887
6.335305831645438
6.775999812096173
6.739587348343968
8.225259708696354
9.983028641922896
10.41535950982533
10.699434575330596
10.986194618033945
10.517630681919755
8.517718561934231
7.619803682460523
7.7253464123426525
8.180642076136207
7.148403786132879
5.470910869910389
4.8039445921331625
4.760590519644438
4.803888013393178
4.514684487413645
4.470624770809583
4.421266508333925
4.652795459078034
5.181034482758617
5.337865711231639
6.2987988583573316
7.355580707762333
7.5794320049321
8.528118811881182
9.704402519063027
10.42841409042034
10.5652840237831
11.410909013883556
10.749757281553402
9.756000643763699
8.719390730608502
7.67444793865082
8.286645366219027
7.123875432525954
6.149950215383024
5.243055357997554
4.582982513933452
4.942350557596711
4.58541246413693
4.369077835228873
4.515572317445546
4.848328658209914
4.639469026548673
6.048070175438594
6.02393965988222
6.62379138930479
7.979875368934158
9.699238470525518
10.550305191146268
11.248548113379876
11.892407691279942
11.926214045951374
11.591067278249913
10.127093410390536
9.636934874979783
8.882187413380684
8.160503687619194
7.56575732606736
5.932594696051719
5.561410058011085
5.364169758899148
5.021883884453023
4.634402371738411
4.245801668619773
4.143899437505811
4.0739141196374735
4.761290322580644
5.374074074074075
6.610344827586207
7.468731735827003
9.012937998765548
11.2127469708618
12.269565217391303
13.125806451612902
12.794955387783114
12.931484578107776
13.40289355722635
11.59047619047619
10.706451612903223
9.81455857385399
8.67340136701598
7.781831399353252
7.349999999999999
6.076136363636363
6.1609054252199416
5.098427009376448
5.039971400170479
4.9855539666761395
4.0729563208335025
4.297584641710996