23.5
12.932432752695817
8.007745601353195
8.007745601353195
8.007745601353195
8.007745601353195
7.624137445853339
7.624137445853339
7.458823966219091
7.513289960039045
7.4370568989548245
7.4370568989548245
7.580910524167269
7.543055130754784
7.543055130754784
7.543055130754784
7.509493933841467
7.509493933841467
7.631049365394308
7.5768255254464645
7.812197945230244
8.032597105603482
9.178720216771172
9.178720216771172
8.2
7.648448891643779
7.648448891643779
7.648448891643779
7.648448891643779
7.648448891643779
7.585881484258328
7.585881484258328
7.585881484258328
7.567292281703876
7.567292281703876
7.567292281703876
7.567292281703876
7.567292281703876
7.567292281703876
7.567292281703876
7.567292281703876
7.567292281703876
8.97860145882051
8.97860145882051
8.97860145882051
8.97860145882051
9.28472226285016
7.929096616686274
25.3
14.829728618421038
14.829728618421038
14.829728618421038
8.009560908202353
7.524462949632896
7.524462949632896
7.524462949632896
7.524462949632896
7.524462949632896
7.524462949632896
7.524462949632896
7.583281788060248
7.583281788060248
7.583281788060248
7.583281788060248
7.583281788060248
7.583281788060248
7.583281788060248
7.583281788060248
7.583281788060248
7.583281788060248
7.583281788060248
7.583281788060248
20.9
20.9
20.9
10.350185501442757
10.350185501442757
10.350185501442757
7.741779846148135
7.741779846148135
7.741779846148135
7.585466403071576
7.585466403071576
7.585466403071576
7.585466403071576
7.585466403071576
7.585466403071576
7.530133739065089
7.5630803628585825
7.5630803628585825
7.5630803628585825
7.5630803628585825
8.791748590398754
9.860407254664883
10.488970044270742
9.712054463032894
8.406820410616504
7.673799982939699
7.590584051330387
7.592147904288138
7.536284643186569
7.490525405940043
7.581954325602932
7.536284640485148
7.555846355035348
7.584260977827593
7.569873111816691
7.562290576453224
7.566282316757917
7.604294288600656
7.543031553806033
7.49054642199019
7.651709449403387
7.833574282401714
7.865730967118045
8.881098990828933
9.076879307574425
9.004396005343423
8.744330857470917
7.697601084088701
7.752421802054119
7.606303639544522
7.596921897915354
7.605859970022775
7.616945964910538
7.571647793116781
7.483652264575082
7.564267930917586
7.566586903226896
7.528830343700294
7.514993744352194
7.5762017947097435
7.576585329499475
7.585168628958681
7.596910763399292
7.564592735671062
7.59793294312008
7.607318110772883
7.559063389825951
7.568521420354753
7.563596489381585
7.571752259583866
7.632995129252036
7.579096179848801
7.753979594836929
7.614297025001319
7.602873968219678
7.5272248920149645
7.445626354736269
7.5824719221724575
7.609244777504709
7.564053004204325
7.587586056847645
7.548012954848631
7.566046512276366
7.562059727799231
7.528315294375612
7.54712105223618
7.560074752853402
7.495621605639862
7.5390141129825645
7.462462324052118
7.421111917801027
7.454878127426518
7.535963467114656
7.601670204813194
7.589176029133057
7.458421551575595
8.63416653399141
7.541579074346556
7.514527397023827
7.514582661132425
7.495057412755293
7.539041093279214
7.533599222518179
7.546577026236815
7.562072113391521
7.58757988204781
7.557022125858518
7.551974299369365
7.562072422949208
7.532252079672078
7.498988746043149
7.5032167209625555
7.559948425248382
7.587569576839999
7.530782176280563
7.531339474509597
7.471045790391439
7.598788196222566
7.594000459075646
7.608378071559306
8.602842596520984
7.560090981445111
7.457456241063941
7.455575591204435
7.37284338823963
7.47883582188958
7.544792775669383
7.526468426782719
7.504482913485867
7.52945809661956
7.5044836699428314
7.509861391643046
7.496137768359053
7.4459424608142974
7.465779093363171
7.415279953327443
7.53646391107021
7.556640361010548
7.573994387625502
7.586331443736734
7.973196569722388
7.999902631148837
7.93065314129799
7.613083903804223
9.210981870688261
7.73328382523948
7.5536559870938245
7.515428232502188
7.495989969357937
7.5764668451674355
7.533119481971004
7.604196712851257
7.5687833166161775
7.526309678093365
7.556477460508558
7.6181949702630885
7.58851985667437
7.586227330726943
7.551290985824037
7.5154444120327
7.462803057402133
7.542249219211077
7.504352439579151
7.776906613826439
8.936058442926988
8.243624808723744
7.5537699794218724
7.584236787603289