9.0
9.0
6.310281233360766
6.310281233360766
5.899223895750916
5.899223895750916
5.899223895750916
5.899223895750916
5.899223895750916
5.899223895750916
5.899223895750916
5.899223895750916
5.832351294976574
5.832351294976574
5.829128294120561
5.829128294120561
5.829128294120561
5.829128294120561
5.829128294120561
5.829128294120561
5.829128294120561
5.829128294120561
5.829128294120561
5.829128294120561
6.2
6.2
6.2
5.933401824607528
5.933401824607528
5.933401824607528
5.933401824607528
5.933401824607528
5.933401824607528
5.933401824607528
5.933401824607528
5.933401824607528
5.933401824607528
5.979945497590846
5.979945497590846
5.979945497590846
5.979945497590846
5.979945497590846
5.979945497590846
5.979945497590846
5.979945497590846
5.979945497590846
5.979945497590846
5.979945497590846
8.3
8.3
8.3
8.3
8.3
8.3
8.3
6.249573765142569
6.249573765142569
6.249573765142569
6.249573765142569
6.249573765142569
6.249573765142569
6.249573765142569
6.249573765142569
6.249573765142569
6.249573765142569
6.249573765142569
6.249573765142569
6.249573765142569
6.249573765142569
6.249573765142569
6.249573765142569
6.249573765142569
10.9
10.9
10.9
10.9
10.9
10.9
6.504592488502803
6.504592488502803
6.504592488502803
5.952758433316973
5.952758433316973
5.952758433316973
5.90820437409676
5.90820437409676
5.90820437409676
5.90820437409676
5.90820437409676
5.90820437409676
5.90820437409676
6.367899060527449
6.610323547896219
6.676873184831109
8.240704947049798
9.207600417119005
7.61886084583905
6.803572129538737
7.182900966988993
6.513018370690629
5.944409843247416
5.622668039553596
5.539454731405626
5.557691472017871
5.938756715915642
5.978253959364349
6.039546870401074
6.017325775508487
6.059222385404397
5.929831757992831
5.766986395686895
5.775204690908908
5.866730979301791
6.019949190272389
6.475227664591731
6.752587936700658
6.422725200534164
7.513501348170421
7.927447456976538
8.091664902034822
8.58343280882616
6.331849021493133
5.628358360407015
5.451873548189214
5.842979784261559
5.61789925760893
5.599439335484042
5.94898210747736
5.5268990633575195
5.66243952892485
5.9582630746366885
5.96253952318591
5.920827518514619
5.856154156960674
5.83616347147652
5.988358534841742
6.050453733613798
5.947467228783201
6.263546330185849
6.133387657259548
6.172508450930659
6.699582919027816
6.8189443613472145
7.091448550393944
7.240244678594142
5.667096103203604
5.485538822630782
6.043846249191447
5.722018503191097
5.5219830269546035
5.900781626858498
5.698173315568557
5.692042297217489
5.907463449699355
5.94136224089441
5.93123103698567
5.883348658231227
5.8382893830015075
5.881382326459684
5.70094328089554
5.825426702597644
6.060630359907574
6.1539800298652665
6.197465547751072
6.309261002174759
7.001821471535665
7.343298102862927
7.672328390152904
9.01486872146117
6.077218871859516
6.153296314775057
5.535447330580996
5.352894942093007
5.844348194812084
5.895124933963138
5.899140169682356
5.822790252957927
5.99492792371705
5.862798501547711
5.863305876223422
5.916207615433421
5.874339403484292
5.83791326971461
5.805408957608643
5.864299487488772
5.8564146261335175
5.864148173062913
6.003349800647462
6.150575006028518
7.582034143653383
8.347002399125873
8.943430934899322
7.335438356164354
5.991503830549042
5.466524674453793
5.256764886048427
5.408727198937543
5.514470831851627
5.8845723882632335
5.891744902158701
6.110410178867445
5.944412823298357
5.924278297028569
6.050678426650748
5.9597690508822945
5.966946673468132
5.8528192212203995
5.6177600757284765
5.437104956340553
5.514890004273046
5.881474624246236
6.067530043666537
7.323307707001492
7.9685358938459006
8.908960089141404
8.41057432293152
7.508807868658462
6.310454594485608
5.878155672093597
5.797029914705418
5.7962341806483435
5.908228748274224
5.804129151435622
5.993420204323241
5.975996756370999
5.9923462281137745
6.0469493548677935
5.961667573373895
5.947846861085101
5.912622498709117
5.788644185620244
5.449406996861889
5.458155149213068
5.666282298495384
5.873121456024794
5.948673665061127
6.422150762835029
6.524146170113805
6.370573130313593
7.414992695528794