7.1
10.18452700114899
10.18452700114899
11.812925493743338
12.209763348012787
11.92958199356913
13.056591639871382
11.89790963635761
10.202931596091211
10.202931596091211
10.202931596091211
10.202931596091211
10.202931596091211
10.202931596091211
8.592709766162304
8.592709766162304
7.052121193942024
6.976880205775976
6.613089531696545
6.613089531696545
8.117146684230619
8.117146684230619
10.617795315316991
10.617795315316991
9.4
9.4
11.14358427308748
11.14358427308748
11.14358427308748
12.703929391279955
12.703929391279955
12.703929391279955
12.576032110091754
12.249631631760018
12.249631631760018
12.249631631760018
10.047445255474452
10.047445255474452
7.483225806451609
7.483225806451609
7.483225806451609
6.93832793981243
6.484534676601652
6.828229388416341
8.89540246360574
8.89540246360574
9.374238354549938
10.2543897304913
7.2
8.865193370165743
10.389939637826965
11.356324404069236
13.372721536318497
15.135263273051141
16.587806723082217
17.102349722902616
15.946872139198899
12.945038167938934
10.485858585858589
10.485858585858589
8.260220994475137
8.134693877551019
7.716477520626313
7.09984214680347
7.098081023454159
6.636217662801071
6.636217662801071
6.636217662801071
6.636217662801071
6.636217662801071
6.636217662801071
6.636217662801071
8.0
10.28573264781492
10.28573264781492
10.28573264781492
12.490682742796597
13.637509159289403
14.601458989487842
14.986925782259922
12.128571428571435
10.421276595744688
9.243358251868894
7.754731457800508
7.754731457800508
7.754731457800508
7.754731457800508
7.754731457800508
7.754731457800508
7.2479889042995875
6.80786817551381
7.050709745191185
7.120707362644178
7.696983604491809
10.195615196464008
11.47037726080599
22.047118644067815
20.432822212249878
19.154179445144443
18.444420806481475
17.885405181451084
17.112609176614267
16.909927303352976
16.493234391949102
16.02157540205971
15.778774507716244
14.210339444121976
11.548090565504841
9.362586806637228
8.075796639353563
7.346551208240446
6.6915494038987156
7.3273469387755075
7.091808873720134
7.012804356752893
7.012804356752893
7.012804356752893
7.012804356752893
7.012804356752893
7.012804356752893
13.0
13.0
13.0
13.0
13.0
13.0
13.0
13.0
13.0
13.0
13.0
13.0
9.248000000000001
9.248000000000001
9.248000000000001
6.947142857142855
6.947142857142855
6.947142857142855
6.947142857142855
6.947142857142855
6.947142857142855
6.947142857142855
6.947142857142855
6.947142857142855
7.1
7.1
7.1
7.1
10.407249466950981
10.407249466950981
10.407249466950981
12.323156792001475
13.312820548223403
13.611518207084188
13.305202249195677
13.07569444444445
9.435766423357665
7.717915101693714
6.624513618677048
6.3212632871769205
6.3212632871769205
6.31322722283206
6.335952171962868
7.032619010586839
8.805880594050294
10.022115027222485
11.216874947299932
12.063858786833844
10.4
12.66230204712245
14.168495934959356
15.095964730442965
15.59261822608663
15.678421665150251
15.725202191434974
15.556435906382244
15.062396884397446
13.958664315964663
13.170795362608027
13.898293233457538
14.39849271204983
14.160146717369571
12.10097058616588
8.680555555555557
7.052522738446412
6.371218053032798
6.309795964732427
7.012315270935962
7.76710776629158
8.26433776083697
8.26433776083697
8.26433776083697
6.0
6.0
6.0
6.0
6.0
6.0
9.299567847882454
9.299567847882454
9.299567847882454
9.299567847882454
9.299567847882454
9.299567847882454
9.299567847882454
9.299567847882454
9.299567847882454
7.059659090909093
7.059659090909093
7.059659090909093
6.631153846153843
6.631153846153843
6.631153846153843
6.631153846153843
6.631153846153843
6.631153846153843
7.5
7.5
7.5
7.5
7.5
7.5
7.5
7.5
7.5
7.5
7.5
7.5
7.827810650887575
7.818423883808506
8.72909395144578
8.42916976893033
8.045571695084663
6.8610236220472425
6.403225629477142
6.403225629477142
6.403225629477142
8.155098146128674
9.808679634390877
9.808679634390877