4.6
5.2155778894472355
5.6758293838862555
5.6758293838862555
5.6758293838862555
5.6758293838862555
5.6758293838862555
5.6758293838862555
5.6758293838862555
5.6758293838862555
5.675829383886255
5.675829383886255
5.675829383886255
5.675829383886255
5.675829383886254
5.675829383886254
5.675829383886254
5.675829383886254
5.675829383886254
5.675829383886254
5.675829383886254
5.675829383886254
5.675829383886254
5.675829383886254
4.2
5.263817663817663
5.263817663817663
5.263817663817663
5.263817663817663
5.263817663817663
5.263817663817663
5.263817663817663
5.263817663817663
5.263817663817663
5.263817663817663
5.263817663817663
5.263817663817663
5.263817663817663
5.263817663817663
5.263817663817663
5.263817663817663
5.263817663817663
5.263817663817663
5.263817663817663
5.263817663817663
5.263817663817663
5.263817663817663
5.263817663817663
4.605084745762712
5.21712846347607
5.6758293838862555
5.6758293838862555
5.6758293838862555
5.6758293838862555
5.6758293838862555
5.6758293838862555
5.6758293838862555
5.6758293838862555
5.675829383886255
5.675829383886255
5.675829383886255
5.675829383886255
5.675829383886254
5.675829383886254
5.675829383886254
5.675829383886254
5.675829383886254
5.675829383886254
5.675829383886254
5.675829383886254
5.675829383886254
5.675829383886254
5.21712846347607
5.6758293838862555
5.6758293838862555
5.6758293838862555
5.6758293838862555
5.6758293838862555
5.6758293838862555
5.6758293838862555
5.6758293838862555
5.675829383886255
5.675829383886255
5.675829383886255
5.675829383886255
5.675829383886254
5.675829383886254
5.675829383886254
5.675829383886254
5.675829383886254
5.675829383886254
5.675829383886254
5.675829383886254
5.675829383886254
5.675829383886254
5.675829383886254
4.458793969849248
4.458793969849248
4.458793969849248
4.458793969849248
4.458793969849248
4.458793969849248
4.458793969849248
4.458793969849247
4.458793969849247
4.458793969849247
4.458793969849247
4.458793969849247
4.458793969849247
4.458793969849247
4.458793969849247
4.458793969849247
4.458793969849247
4.458793969849247
4.458793969849247
4.458793969849248
4.458793969849248
4.458793969849248
4.458793969849249
4.458793969849249
4.648401826484016
4.648401826484016
4.648401826484016
4.648401826484016
4.648401826484016
4.648401826484016
4.648401826484016
4.648401826484016
4.648401826484016
4.648401826484016
4.648401826484016
4.648401826484017
4.648401826484017
4.648401826484017
4.648401826484017
4.648401826484017
4.648401826484017
4.648401826484017
4.648401826484017
4.648401826484017
4.648401826484017
4.648401826484017
4.648401826484017
4.648401826484018
4.541610738255033
4.541610738255033
4.541610738255033
4.541610738255033
4.541610738255033
4.541610738255033
4.541610738255033
4.541610738255032
4.541610738255032
4.541610738255032
4.541610738255032
4.541610738255032
4.541610738255032
4.541610738255032
4.541610738255032
4.541610738255032
4.541610738255032
4.541610738255032
4.541610738255032
4.541610738255032
4.541610738255032
4.541610738255032
4.541610738255032
4.541610738255032
4.095945945945946
4.971542553191485
4.971542553191485
4.971542553191485
4.971542553191485
4.971542553191485
4.971542553191485
4.971542553191485
4.971542553191484
4.971542553191484
4.971542553191484
4.971542553191484
4.971542553191484
4.971542553191484
4.971542553191484
4.971542553191484
4.971542553191484
4.971542553191484
4.971542553191484
4.971542553191484
4.971542553191484
4.971542553191484
4.971542553191484
4.971542553191484
4.61544117647059
5.21571072319202
5.688679245283019
5.781456953642382
5.781456953642382
5.781456953642382
5.781456953642382
5.781456953642382
5.781456953642382
5.781456953642382
5.781456953642382
5.781456953642382
5.781456953642382
5.781456953642382
5.781456953642382
5.781456953642382
5.781456953642382
5.781456953642381
5.781456953642381
5.7814569536423805
5.7814569536423805
5.7814569536423805
5.78145695364238
5.78145695364238
4.615328467153286
5.216169154228856
5.688679245283019
5.781497797356827
5.781497797356827
5.781497797356827
5.781497797356827
5.781497797356827
5.781497797356827
5.781497797356827
5.781497797356827
5.781497797356827
5.781497797356827
5.781497797356827
5.781497797356827
5.781497797356827
5.781497797356827
5.781497797356826
5.781497797356826
5.781497797356825
5.781497797356825
5.781497797356825
5.781497797356824
5.781497797356824