25.0
17.540236686390532
17.540236686390532
12.51833580980682
12.51833580980682
12.51833580980682
8.370298941072996
8.370298941072996
5.527549052407988
5.527549052407988
5.527549052407988
5.527549052407988
4.9232337228659695
4.9232337228659695
4.888971543853372
4.888971543853372
4.888971543853372
4.888971543853372
5.127249380608035
5.127249380608035
5.127249380608035
8.160606060606067
8.160606060606067
9.911370201144894
5.4
5.4
5.4
5.869641470359837
5.869641470359837
5.869641470359837
5.869641470359837
5.869641470359837
5.869641470359837
5.869641470359837
5.869641470359837
5.869641470359837
5.869641470359837
5.869641470359837
5.869641470359837
5.376795097700816
5.376795097700816
5.376795097700816
5.376795097700816
5.376795097700816
5.376795097700816
5.376795097700816
5.376795097700816
5.299445877279114
14.9
14.9
10.55440298507467
10.55440298507467
10.55440298507467
7.698155876263676
7.698155876263676
7.698155876263676
7.698155876263676
7.698155876263676
7.698155876263676
7.698155876263676
7.698155876263676
7.698155876263676
7.698155876263676
5.602391441699498
5.602391441699498
5.602391441699498
5.602391441699498
5.602391441699498
5.278243895174014
6.286293673301508
7.531518580091848
8.161157110367752
13.647850924918387
10.686685033483641
7.254968850006563
5.406756115259819
5.134068985034757
5.152223276241286
5.057244919049445
5.039396181361938
4.83304866684669
4.935878956345979
4.935878956345979
5.084823053961144
5.027613157497621
4.971034512959015
5.000956142660849
5.111104152211184
5.188970683846594
5.214946573718275
5.2733579436151645
5.7145894321656465
7.260760105074039
8.308368947134225
8.852589150157845
8.69614451092626
8.2
8.158511228167468
5.839245180512416
5.554516112795579
5.304015481491091
5.033817149243102
5.012601619361757
4.956989707474758
4.96866088633656
4.956990410684908
4.846952108211281
4.922753554043856
4.855521871373634
4.855521871373634
5.1047942918385685
5.1420775325644055
5.19591764868007
5.107309732733885
5.207063113485678
5.204569054195564
5.204569054195564
5.310451861092985
5.55004951604903
5.654859008334153
11.995587370072556
9.812698866105285
6.252630320526994
6.096911453621481
5.428681968928443
4.96897730320054
5.0361619749114235
4.832413037495749
4.842383349629872
4.8423833496298725
4.9651942213316405
5.025175598985649
4.893271646176337
4.871649526735305
4.871649526735305
5.135133677924655
5.133088772598631
5.151570084468881
6.49664159560786
7.806669710927496
8.525112046150172
8.814863500681449
8.959918147093573
8.355359893633645
5.812042319261479
6.32137949817604
6.784886037439256
5.685910692811469
5.2915292579114315
5.081009533688791
5.112275829255011
5.1785434449775645
4.898952621069134
4.965503701009988
5.084529028319706
4.852836451689759
4.93547316062122
4.853572600295735
5.071405381071513
5.140820512716892
5.254849277199939
5.294467208203226
5.274766032303941
5.256783375818547
5.28906096423217
5.173281863927637
5.177351795581273
5.275362164866753
11.171613236814885
7.929694170227924
5.518986008530478
5.566860615411212
5.205964763468004
5.186421123006083
5.134950385243661
5.001560786083786
4.937942566776496
5.071634549719699
5.149703663845834
5.002461020805202
4.906215950744681
4.9051862101444215
4.753449870154411
5.190368328042982
5.268419865758485
5.247590025490178
5.0928277271074265
6.905750815068304
8.272450043238264
9.169847871970346
9.542666358312609
8.54218793932682
11.77895632444696
9.82338602170163
7.001990220532268
5.502124535096053
5.631857467503226
5.395148764831748
5.305991912619244
4.974319545245337
5.184242256930349
5.1134678840046615
5.10128307040485
4.938497202359424
4.964189004976542
4.953960945149687
4.827489668760831
5.01572665527952
5.168125049479509
5.1659245819655855
5.360838774445421
7.08367363104043
7.997829658210336
8.737290160471888
8.86187086613098
8.249608890055342
12.519279069767455
9.957958824632074
8.542217091030276
6.655831739011737
5.358616378829232
4.950481778552275
5.0307423905218105
5.150506686595831
5.000097291901518
4.853240693098616
4.822718532347469
4.768786009865544
4.782646312004756
4.915769475171156
4.811826600584443
4.948834379914875
5.097273342931295
5.166047696200689
5.266220703194539
5.322233015318139
5.888546240201787
6.544866222065239
7.496742987514273
7.63126145577709