14.05
11.416666666666666
11.416666666666666
10.0
10.0
10.0
6.666666666666667
6.666666666666667
4.6
4.7
1.7999999999999998
1.7999999999999998
4.175
4.175
4.175
4.175
6.358333333333333
3.7
5.466666666666666
7.05
9.317647058823528
10.748979591836736
10.748979591836736
10.748979591836736
2.8
2.8
2.8
2.8
2.8
2.8
2.8
2.8
2.8
4.111111111111111
3.8999999999999995
2.9
3.1
2.9
2.9
2.9
5.875
5.875
5.875
5.875
6.55
6.55
6.55
8.4
12.4
12.4
12.4
12.4
12.4
12.4
12.4
12.4
4.5
4.5
4.5
4.5
4.5
4.85
4.0625
4.1225
6.542857142857143
6.542857142857143
6.542857142857143
6.542857142857143
8.827272727272726
8.343939393939394
10.275
12.0
7.2
7.2
7.2
7.2
3.9
3.9
3.9
3.9
3.9
3.9
3.9
3.9
3.9
3.9
3.2
3.2
3.2
3.2
3.2
4.8
4.8
10.95
15.05
15.05
15.7
15.35
14.060000000000002
14.060000000000002
14.060000000000002
14.060000000000002
14.060000000000002
7.9
7.9
3.9
4.2
5.2
5.2
5.633333333333334
5.633333333333334
5.633333333333334
5.633333333333334
5.633333333333334
5.166666666666667
4.48888888888889
6.133333333333334
10.068421052631578
11.972340425531918
11.972340425531918
5.8
5.8
5.8
5.8
5.5
5.5
5.5
5.5
5.5
5.5
4.041666666666667
3.9
4.8
4.3999999999999995
4.6
4.6
4.6
8.171428571428569
8.171428571428569
8.171428571428569
8.171428571428569
8.171428571428569
8.171428571428569
8.171428571428569
11.5
11.5
11.5
11.5
11.5
11.5
11.5
11.5
11.5
5.4
5.4
5.4
5.4
5.4
3.5
4.175
3.655
5.5
5.5
5.9
9.2
9.507692307692308
10.71298076923077
11.899999999999999
14.599999999999998
11.5
11.5
11.5
11.5
11.5
11.5
11.5
11.5
11.5
11.5
11.5
11.5
11.5
11.5
11.5
11.5
11.5
11.5
11.5
9.95
9.95
9.299999999999999
9.4
9.4
10.850000000000001
9.966666666666669
7.6850000000000005
7.6850000000000005
7.6850000000000005
7.6850000000000005
7.6850000000000005
7.6850000000000005
7.6850000000000005
5.2
2.8
4.35
4.35
3.5200000000000005
2.7
2.7
6.949999999999999
6.949999999999999
6.949999999999999
9.75
10.11111111111111
11.679545454545456
12.381353305785124
4.5
4.5
4.5
4.5
4.5
4.5
4.5
4.5
4.5
4.5
4.5
4.281818181818181
33.21666666666667
33.21666666666667
33.21666666666667
33.21666666666667
33.21666666666667
33.21666666666667
33.21666666666667
33.21666666666667
33.21666666666667
33.21666666666667
33.21666666666667
33.21666666666667