11.3
11.3
11.3
11.3
11.3
11.3
11.3
11.3
11.3
11.3
11.3
11.3
11.3
11.3
11.3
11.3
11.3
11.3
11.3
11.3
11.3
11.3
11.3
11.3
2.8
2.8
2.8
2.8
2.8
2.8
2.8
2.8
2.8
2.8
2.8
2.8
2.8
2.8
2.8
2.8
2.8
2.8
2.8
2.8
2.8
2.8
2.8
2.8
5.8
5.8
5.8
5.8
5.8
5.8
5.8
5.8
5.8
5.8
5.8
5.8
5.8
5.8
5.8
5.8
5.8
5.8
5.8
5.8
5.8
5.8
5.8
5.239980701190088
5.901847437425507
5.194541155749227
4.704793209703617
4.493964306518632
4.434308234108847
4.343846505450068
4.267004165850194
4.212920444352932
4.0764036195589695
3.9460636714230155
3.8561590625997066
3.816329546021604
3.8985335098062412
3.972345323970225
4.207616807440361
4.67411384626774
5.186579482108496
5.849361806067346
6.455836091397867
6.973754977484444
7.162159842954861
7.3796100522183865
7.255019571505817
6.709572347813849
5.652833478639931
4.97625879362851
4.593714784241104
4.388162078643872
4.257095174939608
4.195277868727916
4.186939636220248
4.185613357280567
4.166928021671537
4.112420130617197
4.116366079415174
4.046560177876593
4.004202932900245
4.1003210742001555
4.151358948346687
4.304764644945059
4.559841749305637
4.811687802037199
5.155257023822563
5.3634045944012945
5.51502883648011
5.575411660847546
5.482206687372473
5.353076453491227
5.1017355371900805
4.699849313483609
4.464035024270456
4.34238574619886
4.321980465696314
4.2711228451816545
4.172199003310717
4.133344406630279
4.086040693222535
4.079639878266286
4.069477126660223
4.124902763564703
4.1830741373839535
4.330319947153631
4.519076361255368
4.770801171889129
5.073354448547406
5.345011468766673
5.555363125057193
5.737242000922437
5.867898106307702
5.848840209629206
5.515691800830904
5.331794346082341
5.205813953488369
4.47601550387596
4.256803959568317
4.180430643237564
4.414932705175575
4.287365399849965
4.075527460552913
3.9937955917654975
3.9379448134728636
3.7840901096109505
3.569325893789157
3.591996998758464
4.03924434049633
4.343267057229056
5.122683519855054
6.098125193586345
6.917379373807656
7.736689965549831
8.425313887175777
8.563268055553907
8.057326733323416
7.401464499163594
6.5004517576183645
5.691185846306007
7.800000000000001
7.6000000000000005
6.3
5.275
5.34
4.84
4.4399999999999995
5.58
5.021111111111112
4.9754797979798
4.273362321719063
4.014016472791004
3.833768552731967
3.74347016400094
3.664232604464145
3.8412341094757028
4.353305894238527
5.089544960081998
5.751176451685254
6.45535158748895
7.032904272271304
7.6121093633528165
7.945606432270931
7.743665938854385
6.31090589270009
5.494695553404666
4.890023965444186
4.549287747153513
4.358498806266697
4.313679305493005
4.229105615617184
4.163049695906723
4.120720475816738
4.008400570781739
3.9338139612821306
3.8692117626072595
3.950666759301441
4.076228139012611
4.208188382011996
4.426968372169769
4.737348463583004
5.058218234243869
5.429518001052717
5.718442689310622
5.969561448632051
6.115326532315211
6.119407585068274
5.925491886860637
6.231253420908594
5.7324724628806685
5.197294039762962
4.771745214603071
4.548136985428614
4.415624856496195
4.270601184799173
4.169776885075023
4.089039574911183
4.025346567524576
3.922221942891741
3.8865023236484597
3.8640239590326653
3.9259011857644373
4.075319342943883
4.262343069437428
4.526858280466743
4.860658324504274
5.295088528042299
5.810671969733472
6.14432735984937
6.425909469668472
6.444942762888487
6.220869774003055