13.9
12.649438202247191
12.649438202247191
12.649438202247191
11.1748427672956
11.1748427672956
10.060824742268036
9.212547528517108
8.670590768700709
8.422791820591545
7.95926724137932
7.825067855923536
7.581180773147269
7.392460629471515
7.391745018152697
7.421835475569356
7.277034187296665
7.237193070120058
7.213154383380956
7.21830451040859
7.218304510408589
7.222400931158975
7.304676638045785
7.330378599339764
4.2
4.2
4.2
4.2
4.2
4.2
5.286675824175826
5.94313547468513
6.436219475545414
6.955310828880921
7.268836089656236
7.534842913467626
7.78567279767667
7.939336841258522
7.9401379572685675
7.78719022515569
7.663608982074877
7.487308118404146
7.324408315841033
7.277505390097489
7.265310000812103
7.241153908724026
7.21877157892669
7.232902719889646
10.6
10.6
10.6
9.930036630036621
9.331455399061028
8.882082324455205
8.276955205811142
7.81316513921357
7.558857856493895
7.399639008767206
7.345346840116343
7.3601746817456455
7.409509202507408
7.311241841215296
7.324081569820719
7.228532081437487
7.212104455296071
7.2050869482243005
7.21840238887711
7.242985916186686
7.2455180655829405
7.302407286811075
7.352077442064601
7.3786412020780165
5.85390702274976
6.444925255704173
6.815926236378887
7.0357094120782815
7.480453752181501
7.837988266008317
8.0152140585588
7.957296324328693
7.824020551485864
7.723813099752879
7.536080427768776
7.3513967777467
7.267151718612454
7.262772621885724
7.238704582207976
7.208149177947016
7.207297522108814
7.238004315424063
7.303234125754286
7.331015554147494
7.344505373137961
7.379458495913849
7.397622494175354
7.379205698561602
6.525320056899011
6.958946488294308
7.099637887100408
7.166259794600712
7.181241603027406
7.49629963898917
7.583759254695113
7.625672917838818
7.534926704281322
7.5001877432956325
7.434098247251056
7.371507399384121
7.33606920826391
7.280797474411235
7.281679776142738
7.278310452661268
7.2290557415341485
7.209020021825513
7.247228208461683
7.305935340850958
7.290254752798919
7.306774904892415
7.356553861567928
7.377651217904796
9.664050235478806
9.210273525784824
9.199863760217985
8.75933734939759
8.437012987012993
7.918685121107266
7.595080487437943
7.403258612908081
7.361465713106614
7.4219011525262095
7.4314232168099625
7.3076838395560175
7.266330365286604
7.225533000387198
7.2051814065502136
7.218673021275485
7.221187736991753
7.241086370681016
7.300171445743979
7.349664992811845
7.374922788765565
7.364271944310691
7.3642114476688
7.341662341296979
6.952668539325843
7.178280154614428
7.243083631096243
7.337832315533716
7.501094276094278
7.583926256332796
7.622990629607916
7.539323847257399
7.4537793074747505
7.395053391357542
7.32637961235981
7.324997661887979
7.280233351270156
7.279747942901529
7.256268172664749
7.215352967175885
7.244146451899809
7.212934301478125
7.302612302642139
7.286831800990224
7.303467908368724
7.3492517230462795
7.341161950050617
7.353144981369924
11.90553359683795
10.515222482435602
10.182771535580525
9.21576576576576
8.799367088607598
8.331008247695499
8.045295463090618
7.647386172006749
7.451504353200614
7.368166877282272
7.423674451350042
7.444060763143229
7.335595446768639
7.304144778445721
7.248389894493229
7.213325917267668
7.223257016079606
7.223257016079606
7.244677505254304
7.3065083837111695
7.328972950401063
7.354278784091968
7.342271558454728
7.354268148816825
7.458245948522402
7.775368151727689
7.583033707865176
7.525157875832038
7.564051410415091
7.53635505644634
7.494890352411974
7.328727115322309
7.327692220074426
7.292780762190032
7.245571537780374
7.230458103485001
7.23490775787052
7.246878805639832
7.215893331489978
7.244397046159431
7.302804379071216
7.355571453270535
7.343713521580948
7.343713521580948
7.35555061332029
7.3437244012608565
7.328013508913252
7.304110903313586
7.095647058823521
7.156850450664137
7.395100401606424
7.630558726132595
7.521214421607454
7.583564488342088
7.531121833474694
7.496963757654338
7.4394464055373986
7.38578754970222
7.326235895574144
7.324371482200916
7.289688675859057
7.276036106744095
7.225929693359577
7.206050458030763
7.244030652649739
7.244030652649739
7.305253352927914
7.286469427778523
7.325185505401536
7.348517510155586
7.34046958598342
7.34046958598342