20.1
13.80374015748031
13.80374015748031
9.350797266514808
9.350797266514808
9.350797266514808
6.061212320297105
4.065284758444996
3.916975521044553
3.916975521044553
3.916975521044553
3.916975521044553
4.050133953229172
4.050133953229172
3.981903526888543
3.981903526888543
3.981903526888543
3.981903526888543
9.469968051118213
9.469968051118213
9.469968051118213
12.042893835616429
12.042893835616429
13.979278978325254
2.3
2.3
2.3
3.7666227839213637
3.7666227839213637
3.7666227839213637
3.7666227839213637
3.7666227839213637
3.7666227839213637
3.7666227839213637
3.7666227839213637
3.7666227839213637
3.7666227839213637
3.7666227839213637
3.7666227839213637
3.881180275281037
3.881180275281037
3.881180275281037
3.881180275281037
3.881180275281037
3.881180275281037
3.881180275281037
3.881180275281037
3.8994355405781906
17.9
17.9
12.0984962406015
12.0984962406015
12.0984962406015
8.244252873563239
8.244252873563239
8.244252873563239
8.244252873563239
8.244252873563239
8.244252873563239
8.244252873563239
8.244252873563239
8.244252873563239
8.244252873563239
4.653562592302045
4.653562592302045
4.653562592302045
4.653562592302045
4.653562592302045
4.653562592302045
9.455459544383357
11.919898715446969
13.542468513551697
13.558101135190936
9.71867545511613
7.488598692940195
5.060433472598762
4.053058923701176
3.9540566155151025
3.9200402056518606
3.8361239515020116
3.8366414815962924
3.8603154944011173
4.008256640649831
3.9100183735939464
4.005852510526801
4.03056498296232
4.008816712956049
3.9663305175469823
4.2445054512604905
7.656005854728254
10.882680591818957
12.69987777311126
14.378923688515767
15.481093779643803
16.21284792966879
15.17381226734366
12.41024117441452
9.06735436893203
8.000319600942237
5.783567465180086
4.535279831087743
4.083294951939854
3.941711002189996
3.857443196481294
3.9123113126137334
3.9223809540509165
3.9447932259642475
3.899621668115419
4.097758418952494
4.009010346636512
3.877819125752507
3.9956252862784374
4.217461655401371
4.58567663015619
4.527083559192456
6.11119328990815
9.277185726124399
11.394994255313186
12.615519350021865
12.425693806552774
12.350145772594738
8.441891441891451
5.2909959181836115
4.2344256982109085
3.9388180590088773
4.0566853494096655
4.166305696995155
4.078247706842168
3.9070824018521466
3.955775589172733
3.9088502668602194
4.097288960206858
3.9638136698359046
4.028623134108519
4.007996890126307
3.9745461345260527
4.166513243193989
4.496985277881518
5.361514695306933
7.526058479125668
9.33778559826864
11.579070765336423
12.84042040873159
12.58858825719206
12.372227074235823
8.547415984185259
6.215503671384519
4.70655314642757
4.053024164897848
4.007411453469047
3.9835674041347233
4.029126411961059
3.9736291703680875
3.974081808685548
3.843034022075696
3.9208751726987296
3.9098493527644513
3.909849352764452
4.0504707224919185
3.8249471344884696
4.093338923934011
4.344956942472226
7.2980201807252385
8.711305648389576
9.339511877698484
9.216110459971919
11.830622837370239
12.136530366806973
12.984455058619192
9.713959590658611
6.344687527915656
4.056801072205345
4.104407347141492
4.114024525703274
3.917054652923693
4.096152027709442
4.220295841464957
4.086718513846823
3.9627562319936587
3.9640525822314516
4.003266469821581
4.079969438494253
3.9402635162569872
4.049985818008652
4.1134428416779505
4.341931688918766
5.0458412867877
4.58570180059237
7.248551701149006
10.177452956989253
12.281951832259047
12.525268715228854
14.86476190476191
11.944947836661521
8.196009577015163
4.997160201881903
3.982925580307388
3.9638247209507664
3.9423144078748313
3.8761955473749286
3.95406378696229
3.8761988499552826
4.0492622045693745
3.8955282360617858
3.920417302704311
3.8880914629265764
3.963918557574718
4.136010254111759
4.151974245442012
4.263558138819624
4.28624210798862
4.388076130550055
8.717147707979633
11.292196360563713
13.01861944093969
13.52346661680168
11.664404223227749
8.012993262752648
4.439272135331633
4.263999523175954
4.03265507277989
4.103033380203107
4.006379407316465
4.078536120058654
3.847490593969757
3.909830797188676
3.953503561388259
3.9170991310709504
3.8430758475908715
3.843561600494141
3.818699443143456
3.996063232733271
4.379439792442377
4.15713142679178
4.2540762794318345
6.954240451743906
9.288430175253357
9.784846381620081
12.306326889279438
12.103883631060398