3.75197180994
3.11880698265
3.1630847702
2.94455581865
3.14740778528
3.24157821498
3.37644509391
3.67906917693
2.41352403597
2.57815455672
3.25810268542
3.0258168817
2.8334528054
3.09769825189
3.23239680284
3.35733375251
2.66392374636
3.07552031855
3.13792139535
4.5591599007
4.09808774029
4.31708450099
3.94056302281
3.35986411479
2.24847772671
1.77809897066
2.69831087073
3.00053649585
3.13031232932
3.29171543386
3.03761960413
3.1782440125
4.62359891678
3.88810552183
4.00967726689
4.40549230913
4.0328620611
4.08997582851
4.3604944072
4.30639635911
4.60398825983
4.51387565078
4.32829613055
3.89354620813
3.80543179729
4.04728972499
4.20877973319
4.52831077853
4.08910723819
4.1694496229
4.22015110013
4.57824264917
4.53054232923
4.46621633163
4.38011387334
4.10661887948
4.70059090533
4.58899460281
4.12588466619
4.90525044414
4.25179013975
4.26267910406
4.76729678034
4.67537096421
4.67242661125
4.05406309038
4.1143634227
3.97958390346
4.53651791696
4.49474770733
4.54078013248
4.74106340523
3.42840303858
4.11223134198
4.19203403416
4.54001589451
4.25299247926
4.49817265696
4.44038149038
4.24254899872
