3.40383759866
2.50414365776
1.87482419565
2.00073979731
2.12010715321
2.25026457587
2.39829854617
2.51007301932
1.45972742026
1.56858389969
2.74983394755
2.69174032835
2.53521932129
2.48525609362
2.59148588975
2.67956510623
2.79652741921
2.73625494527
2.4098886984
2.77551363083
2.78633641646
2.82855540492
2.69799826913
2.83264298188
2.04829495997
2.02397745853
1.68314822606
2.01251256646
2.16509187954
2.52498100124
2.54635322501
2.64291125352
0.947974572087
1.52693027481
3.78193980604
1.71391538164
1.6410332035
1.74739395959
1.84390393636
2.06098734223
1.64776755258
1.65276866831
1.64846628305
1.5106607632
1.59531195103
1.75419981906
1.67144447388
1.86063784006
1.17110347719
1.31203147452
1.62854600691
1.59485879852
1.69103521664
1.94834380066
1.90128160003
1.99251444004
1.25521545947
1.43436409088
1.58090129302
1.67270458244
1.89330736305
1.85459553975
2.05090234479
1.98441650119
2.24647754255
2.46496917201
2.43036238955
3.31285458702
3.17896973198
2.90966834793
2.79827997529
2.50411758468
3.85975238808
3.1628982869
2.50796210247
2.84474497123
2.90862729515
3.21794685241
3.1710664545
3.06899458014
