0.808859255206
1.2676846681
1.84135390285
2.61690357948
2.40822359994
2.62180858972
2.13827074925
2.3676263179
1.24191477493
1.24141717524
1.16869462587
1.35137477048
1.6247582985
1.8137886544
1.90000398729
1.9181180685
0.529185060294
0.839000330481
1.3093352452
1.33381588179
1.363964158
1.41874083255
1.65595513137
1.86435872339
1.27584946013
1.37554362048
1.18153394055
1.40454036526
1.66677934104
1.76379677869
1.9493943542
1.87449136147
0.639944295366
1.01659910524
2.15679152412
1.34940404324
1.60175773402
1.74795884013
1.87815667106
2.20023786171
2.05094822655
2.44198273268
1.30050983518
1.71842218837
1.85236626704
1.85767111671
2.04020335204
1.92921297799
1.22951047147
1.31452898362
1.83542699526
1.78616032007
2.00299185872
2.15795150582
2.1988690203
2.08275657149
3.61890779339
3.01248296604
2.65597134581
2.52577389052
2.99226578274
2.97977942337
3.09931521772
2.64899245792
2.04885052217
2.10829039445
1.88822830606
1.92902896294
2.15333901252
2.31391465992
2.38498530458
2.67904629704
2.03702762966
1.93905512082
2.26597473958
2.69661382034
2.79263755825
2.81784220903
2.79638249708
2.74363494287
