1.07125428513
0.857763794796
1.41750252692
1.42932309541
1.62931352407
1.6457183565
1.67301655866
1.69173141323
0.484723799371
0.735487441842
1.1317028618
1.23163083469
1.17668825694
1.25417852671
1.36906520833
1.54284040301
1.14083042976
1.27082834117
1.34253863702
1.43812475087
1.46891430112
1.60160388154
1.63794248673
1.58717370732
1.29561462173
1.42688061176
1.85466137793
1.73552905072
1.57437163328
1.51751603455
1.9258642228
1.68982802689
1.16164337696
1.25316490503
1.12326459797
1.42536191007
1.54981216496
1.58207432221
1.67327298106
1.68744880029
0.63918035805
0.90407511829
1.32903113346
1.41471354986
1.47809935246
1.52202069483
1.49759438617
1.4266292836
0.386054803959
0.634422437135
1.04904143188
0.864011142962
0.984104859925
1.05232322003
1.12743653531
1.38251513197
0.373174784696
0.64216293863
0.842093465931
1.06591519082
1.29062522067
1.31787773418
1.21803501159
1.44822187546
0.383270734364
0.634083268278
0.736058042342
0.703193991901
0.930486057067
0.875089857234
1.17247939964
1.21859270939
0.523593235484
0.813000269092
1.23415156406
1.22598839776
1.24000880318
1.28529010057
1.01311698423
1.03592759566
