0.239377277242
0.320576182305
0.388731273503
0.492197958077
0.552480882956
0.643231251476
0.690392331075
0.722832005385
0.158812027538
0.191104866065
0.283252537781
0.360708702825
0.433570046109
0.420622140923
0.550299447389
0.6445426746
0.116350297059
0.177544864542
0.321957947589
0.591342698104
0.357672087108
0.40646067664
0.425514177134
0.577933334669
0.0605896452864
0.107323424376
0.184362770281
0.306843346874
0.334047257901
0.36309119337
0.459883732153
0.438132586866
0.129740920341
0.264253471619
0.341231793808
0.810546446824
0.298233098624
0.341848340543
0.335172830056
0.369918382051
0.15886495573
0.241931023756
0.56329625044
0.432201831111
0.447710880863
0.451655816469
0.58532291538
0.549353276412
0.893358396368
0.508806362396
0.674159611612
1.05866223725
0.894302489068
1.01041782366
0.779135907773
0.767725460215
1.1791932388
1.47295690068
1.28365047316
1.19711518981
0.941620114859
0.921403442631
0.974132786734
0.951403983606
1.17954122655
1.22831664564
1.19340571
1.05838570887
1.26934517649
1.32282107873
1.30787488107
1.37116060144
0.418996587041
0.640515274048
0.849669403422
1.16371184339
1.20761744812
1.04198087801
1.04625149624
1.09111940991
