2.20245439615
1.23692960214
1.80770100381
2.12202712356
1.85901542556
1.96439537703
2.3637268198
2.41792979448
2.5541681315
1.49737108241
2.18677363852
2.36168728715
2.50426866561
2.87251476923
2.99056417814
2.78237557661
3.29994357154
3.60520815671
5.33689712698
4.57834750593
4.17205713081
4.32652364406
3.57740264803
3.13153400145
5.90632508318
4.80079899932
4.66437323145
4.82534670782
4.19475864648
4.18858825167
4.33189919556
3.66909171018
4.09835501939
4.46155516964
3.84825033298
4.27853006548
3.87168950343
3.85375263118
3.90445395489
3.98868371165
3.09875666298
2.74218594758
2.91221481644
2.93270434501
3.06199835417
3.37152737472
3.58088775943
3.91442744817
1.1018230023
1.65017823866
2.81989683985
2.8824788157
2.73472342172
2.79454605819
2.77030869519
3.17099795474
3.74612352477
2.55716169681
2.97895093603
3.01685171849
2.99761124807
3.15541093531
3.33267153226
3.08535632224
2.2904352909
2.22528743988
3.23935516215
2.65359498714
2.93185559037
2.66967458761
2.5854604052
2.26496188421
3.48059577116
3.24285197144
2.23627410514
2.01303265673
2.03638397554
2.36309120636
2.54426161406
2.48109364296
