1.34617869707
1.83603806086
1.63643612023
1.67709798176
1.7895710388
1.98319078496
2.14742081623
2.5522535932
1.75670285101
2.29146776308
1.94514685366
1.98951785856
1.86164567622
2.02922305472
2.16680256944
2.46808255271
2.42494634682
3.24923079168
3.72600619693
3.60464588011
3.87145380446
3.87737355217
3.95001149973
3.51225980038
3.13810582854
3.32338049133
4.42183481
4.25124257883
3.93800780157
3.69435729772
2.86471750807
3.07080000423
3.3083965674
4.54111069842
3.37822288553
3.47445026881
3.26226391226
3.37167784351
3.52196987674
3.08414760525
2.68429864198
2.50875890756
2.3678455801
2.23198002699
2.67714391327
2.58829454426
2.69318061628
2.84116872683
1.74216317513
2.14316207868
1.72505845344
1.79672769685
1.94297450481
2.04732544284
2.29842140057
2.42407821375
0.893830074954
1.35723204625
1.67576947497
1.97444374691
2.18832664299
2.53921386875
2.3711787341
2.59519561476
0.749055748365
1.06223468478
1.44191158908
1.57945103226
1.60686599755
1.91485565794
1.79538562382
1.90260843538
1.55273095306
2.30235322803
3.69085686858
3.46341438979
3.27327124177
3.5217992345
2.67936399873
1.28912015314
