0.292813330208
0.4492374062
0.862222771728
0.895755235541
1.06916464398
1.02556063404
1.14530198223
1.37821225576
1.22237194794
1.38151711869
1.40144341358
1.46947756718
1.53219093248
1.70579871819
1.74067005879
1.51195284336
1.28542859841
1.35674768666
1.40026620446
1.51266077659
1.54837647583
1.56169931124
1.59680229906
1.31001227396
2.70462875402
2.11316436493
2.41862629519
1.59015146193
1.77818398721
1.64212552723
1.74920928415
1.7577717873
1.43300591491
1.63077600544
1.76878860618
2.33360156503
2.30169597015
2.09929664468
2.1546912962
2.05352957914
2.75033629353
2.58673198963
2.17828226533
2.70931763068
2.27928129289
2.22118280559
2.03436274995
2.2409921565
2.17659032807
2.65850382007
2.85382042645
2.09094146216
2.22804702584
2.39950467026
2.37212616693
2.27933508975
0.573793049854
0.959877562613
1.51861028823
1.92538890169
1.73928021441
1.98170014154
1.79160744105
1.98574986081
1.01780156584
1.0294572396
1.21499682564
1.11099289307
1.19572005268
1.26484728716
1.44810632894
1.37671581457
1.10057872878
0.749225433114
1.08465896206
1.2250112131
1.47690026796
1.25514293914
1.25555733288
1.54238239629
