0.100578780131
0.18810240164
0.227587574821
0.32852340819
0.318494845084
0.408101202782
0.368051902814
0.441786369804
0.928789997403
0.439516006209
0.499602197323
0.591341124257
0.730558984952
0.899117917737
0.892881733577
0.482678860279
0.303908221842
0.405578718675
0.575806859269
0.839480511658
0.614776759265
0.693885915921
0.76527239503
0.870939469364
0.585703081986
1.26770132052
1.23989686407
1.26397588286
1.23332610154
1.23117201872
1.18718571896
1.10312031564
0.356849205704
0.728118078163
0.775797240795
0.720535154533
0.799692990706
0.698796012578
0.821511405405
1.03024356049
0.742029751097
0.647061148682
0.591441296761
0.530715605587
0.665454717791
0.720915916314
0.610477876065
0.692781503675
0.553988191927
0.323183229888
0.609252306807
0.530007677746
0.597866749734
0.686335189941
0.876680505198
0.788769677677
0.303814690834
0.480904638869
0.6306491275
0.920272271756
0.914939485207
0.836327413671
1.00052727408
0.78476596747
0.416187528326
0.962835013001
0.958649562033
0.911028866928
0.889470094865
0.863896721607
1.00452808391
1.1519376811
0.28384513345
0.421288545348
0.553236972112
0.598963624327
0.725916520844
0.819067636822
1.01019017343
0.886623450072
