1.62074676324
1.82014681266
1.91210496147
1.91370035077
1.99535035749
1.95582491973
1.87492470032
1.83211712305
1.6871152235
1.97569509352
1.82219169524
1.99335039654
1.94666369211
2.0054215426
2.02561673713
2.02835230352
2.11041538624
2.03126967127
1.9830672211
1.93087603667
1.90864580652
1.99220655524
1.9982093515
1.88497563361
2.59061467293
2.39917715008
2.13125249187
2.14925262175
2.21900801284
2.33968443845
2.20853556176
2.10226268253
1.8348717809
1.81758253513
1.84737029331
1.94158781416
1.93576744336
1.84077591436
1.85519961055
2.00195247336
1.48032776032
1.97052941347
1.77086475453
1.83910246544
1.81513103987
1.79538474597
1.83054486975
1.97733747275
1.7291409176
1.66994161882
1.63003671088
1.72674398967
1.65457145032
1.7088961818
1.74023201267
1.82492143652
1.85110074618
1.70807683641
1.77367642799
1.83203856696
1.79451393491
1.79431880128
1.81344349361
1.77638542657
1.48462279572
1.7693974175
1.80115960723
1.7872643467
1.80243684489
1.7649947192
1.80414683379
1.83200761702
1.79837998368
1.6342347222
1.73860064377
1.72669597604
1.71491791706
1.67504092344
1.67326651627
1.65488733698
