6.22593048677
6.87836293661
6.87016182492
6.66721289072
6.40199504984
6.51074465133
6.61400729271
6.5210311434
6.51398773499
6.67239118466
6.84168943549
6.63678513953
6.37166689116
6.64804098252
6.84175650419
7.41263625878
7.60491239775
6.4966468621
6.47172791997
6.15052677171
6.56907931565
7.40378101142
6.76676767473
7.96456666063
7.18132095272
6.50664400649
7.66554628796
7.49068409552
7.34303424299
7.18322009535
7.30527276718
7.62885011925
7.13540312628
7.09478091129
6.92564603857
6.88022958941
6.3814080728
6.76301983852
6.74283502211
7.07250337021
6.77735091161
6.98961623978
6.5046587946
6.12730418793
5.99539944858
6.21690521472
5.88599579623
6.01274653032
8.51600715983
7.36835417362
7.43658212013
7.35667164575
7.48777905849
7.28959994443
7.4858495664
7.0867406008
6.80325406902
6.94301646032
6.78666540634
6.48581253148
6.56572969773
6.86894948336
6.91711989084
7.15404928176
6.691982184
7.12256416559
6.58814929784
7.15021500683
7.06539617924
6.67563204974
6.64455556866
6.22763655404
6.90120542103
6.56554464898
6.4100883378
6.01853750227
5.91814666604
5.74276126211
6.23737894411
5.8107168327
5.65654245285
5.25517480602
5.9059201062
6.29419084677
5.89562212927
5.61441029118
6.23024351454
6.11368504025
6.23489605008
5.82604314737
6.47043733079
6.25687704666
6.01327031761
6.347633005
5.83908546155
6.28930357518
5.46829741459
4.86800578313
6.26429453194
6.27504911326
6.03999324103
5.85174782967
5.99289625922
6.12370225447
5.40914445923
5.28505913975
5.89069266785
6.07424365334
5.72570098798
5.65651936781
5.76770229295
6.36011198059
6.27029346177
5.89754762065
6.09500118837
6.4759709698
6.11324106557
5.77637342499
5.83158275172
6.15336018964
5.79285086385
7.2000021937
6.28582362584
6.7469962715
5.98544652881
6.14978755486
6.133586172
6.2378855794
5.922343196
5.43179057456
5.45737906675
6.30035025561
5.8930764388
5.63250887033
5.56825480483
5.94131585212
6.05227866419
5.5565635773
5.81126462901
5.93655351788
6.19389927081
5.91188720427
5.5600747785
5.65097048813
6.55472410202
7.21828725142
5.92386577384
6.08574081784
5.75557530282
5.58571034476
5.47471052346
5.39651493506
5.34265928165
4.71916140512
5.0034819555
5.22545913868
5.18160497859
5.25185756574
5.48424039976
5.5213689024
5.45269468699
5.92167895823
5.36836175195
5.67897278723
5.52987924423
5.48548828753
5.0749931637
5.09285876688
8.96073154124
6.17606409415
6.8310921077
6.8565948396
6.03882689512
6.56769954253
6.52495451964
6.33817460427
5.98315600069
5.88765512284
5.94289037706
6.18995526641
6.25004764297
6.44122694154
6.75783038911
6.70390048294
6.56538193778
6.49168060328
6.58102432061
6.41553526986
6.70996695707
6.80913968426
6.39414904385
6.70394495166
7.37060128069
8.10753395062
6.95657640892
6.79715507055
6.02481736935
6.57533971796
6.6183788769
6.62415571981
6.84531088441
5.94175897805
6.41220184358
6.74381524676
5.93940226128
6.42399537903
6.67292485402
6.52802925607
6.5079329559
5.97986067939
6.47837163946
6.4365263138
6.35507037965
6.37334517257
6.60408641803
6.31709871229
7.7151005558
8.07824375817
7.05902568244
6.96675394701
6.63315771811
7.12278648295
6.2065062384
7.0299194288
7.05394375935
6.25094051121
6.36735071275
6.60461182023
6.3620960512
6.67123446347
6.43278063329
6.56217248235
6.20299030511
6.03399854704
6.26510768585
6.54486201071
6.07571175323
6.33305235735
5.92887404206
6.31655803451
