5.87053745172
6.70175013546
7.57902197126
7.4127246929
11.2029347284
10.9637393121
7.98677547199
7.03598012097
6.55387644989
6.14050664001
5.82141401306
6.7780725461
8.44257429848
8.2135491557
7.58910510232
6.74778229693
7.42422439614
6.2650990263
6.79843489227
8.3419940332
10.981885078
10.5157673382
7.55349664884
7.41971991674
6.97350460743
6.58843222302
7.0426907694
6.06113457477
8.32879650227
8.87376563281
8.41525006666
7.43594200916
6.8570768537
6.19957710437
7.0723607438
8.78342799394
11.4313747399
10.9242489045
7.93544521684
6.7505589932
6.45685416948
5.79938407764
6.08546104786
6.74422390392
8.52032045364
8.36945923206
8.24119087967
7.05321653054
7.65614554922
8.25966978857
7.82485146304
8.20247129094
9.28477728185
7.8289940359
7.43512534703
6.4974358772
6.27707217225
6.57467890842
6.83940222679
7.54301678246
8.13367968897
9.09329566774
8.31834806004
6.82043782209
7.07349132447
6.6838185984
7.22094936982
8.58147327082
11.3280150296
10.343857342
7.25338901881
6.42027899258
7.55731795923
7.62613575699
7.67138345309
7.75118347479
8.54659627128
10.2172370194
15.2224467239
15.6708684141
13.6789858632
10.8642989514
7.97839480107
7.62565140053
7.28415319711
7.75271664513
7.45572574347
6.42867593359
7.05090709876
6.8781597373
7.15917733155
7.57541811302
8.02870571124
9.42899775201
8.20045563718
6.67954696584
7.86614998861
8.48814763647
9.29216175803
9.82069967052
10.2173839931
10.8547283322
11.6239808124
15.1721158472
13.1637996665
9.575224823
7.61876511787
7.43123573686
7.56152498619
7.57720786582
7.67955807804
7.70655104699
8.28984192609
10.4748332567
15.346035405
16.0693045228
14.1814584408
7.57254419162
8.14862286454
7.10897237799
9.90934866525
9.98114530119
10.1064791206
9.37897163211
9.97644506886
10.9140339428
10.8168994955
9.75527588583
8.87496591215
8.13209301151
7.48093861231
7.18965797699
7.06936941
6.92367945039
7.28663290113
6.81122647232
7.59531279205
7.40977886818
7.3175598625
15.2119131786
13.3991827394
9.58857310087
7.86879670446
8.07567196652
9.95812890286
8.30041838521
9.49792972983
9.72218879935
10.1300698317
10.1694726511
9.89449644427
10.2937241018
10.3205948293
10.6610687258
10.3781122087
10.3163941681
10.4020318463
10.3381730745
10.3728613556
10.1747230215
10.3169508288
10.3620292907
10.2794192977
10.3712451294
10.3434395532
10.2717845095
10.7460963916
12.1203841859
14.0494308339
13.7788730973
10.5079197356
9.64972832663
9.42512514191
9.47415993415
9.52992258808
9.63304608281
9.49062464491
9.91586498771
9.54261537546
9.68146765671
9.65178666988
9.48977968593
9.84231592573
9.6518465639
9.60858604142
9.49018852289
9.7260260492
9.77087106617
9.89087083581
9.78643386365
10.4898381718
10.5891556108
13.9456701691
15.8824780865
12.4239464982
10.4044038804
10.8928811546
11.3198859609
11.8589815249
11.9429013036
11.6733023161
12.1560643915
11.7643526155
11.5308915044
11.6241965421
11.4172810962
11.6687865001
11.802571388
11.4509736502
12.1776552862
11.4938774167
11.6460724043
11.4465965959
11.1658473549
11.9570609677
12.2228484624
14.4650824871
10.816460198
10.3291450534
9.89736227717
9.9413526927
10.4354124894
10.3907185696
10.5277329637
10.7288469618
10.6956126511
11.3153050229
11.2095999921
11.3228128507
10.7990911816
10.4760401946
10.5385623891
10.5325535045
10.7321608569
10.5160372579
10.4954199814
10.5011572964
10.7433543647
10.4306295813
10.124707149
