6.23510931043
8.63722992691
8.16870174009
9.78840336024
8.55089522827
6.34890973366
8.30499904575
7.74922620384
8.58205956663
7.80684303449
7.75152260798
8.45990374315
8.28293719469
8.62760885338
7.9620869512
9.80754098636
9.37414807865
9.98073381797
10.6483165223
9.29762254932
8.89866902648
8.09130840645
7.47300508444
9.18231891524
4.76711877236
7.78727811619
7.59967715014
7.06262399672
8.61395793976
4.33004050556
7.56168441291
9.34855638963
8.31833870307
6.91153665146
9.32443605689
7.73939513431
8.21234882292
7.90307475707
8.31591685668
8.36513341884
9.0399205135
8.19620735401
8.89410864225
8.31205860124
8.7008088981
9.19251204691
8.2385228239
10.903921055
5.63944707399
7.52781360841
7.58125926066
8.82389488081
9.08167909481
6.7493895218
8.66561431573
9.28633304218
7.14044697443
7.29282084548
8.14736883551
8.1345594264
8.92592809345
8.57229045491
7.5117555283
9.8368579147
9.54001728176
8.12721457106
8.99442165183
7.56243742207
8.00632868807
7.80096506496
5.84039673369
9.10320865081
9.32881429091
5.73972289129
7.45047952618
8.52986678196
8.80335852266
4.45565251798
8.66744442077
9.44522587142
8.36907232281
8.31588994079
10.5386786716
9.26273051689
9.49431081764
8.60596113885
8.70968071762
8.39504860111
7.44180917978
8.7295734631
8.82608359573
8.64645289067
7.34913766207
7.72613663741
6.74373500875
9.62902030885
4.36023753297
5.98374580462
7.47546283666
6.06895633749
9.37455217186
5.84900673582
7.47410026022
8.07346713519
6.24271099508
5.3443408256
10.212792473
9.40850757936
8.85930178035
7.86929046084
8.6295837221
8.69813030286
8.02543386677
7.92285942058
9.17136629115
7.83349137083
9.2363806552
9.37371159998
8.90881007452
9.05963736477
7.75842035674
9.06036767875
9.20120059325
8.65233793632
9.81870935224
5.88774943731
6.99492291177
8.17903915297
7.47377166666
5.61278109098
7.91090458577
7.86589450768
8.74605811923
6.21214091398
9.11110736115
8.80617771967
8.18187237648
8.06964998911
8.39586304648
7.01114514961
8.20571760255
7.47006913082
7.83304235764
10.033911577
6.86436327054
9.14452788079
8.41691846226
9.80540417721
9.65821718174
7.86248793681
8.99990940526
9.34728202405
8.65852169918
8.26415696118
9.14428414264
8.77149432268
9.6676411824
8.2486287713
7.92055845844
8.77105939258
8.65229305879
8.7752351517
9.43486760267
7.81310899026
9.70037395071
9.24363380249
8.83908778362
9.90234008272
7.20325036869
8.75833527548
8.64360417399
8.36357626838
8.97773525412
6.58214566369
8.15315155666
8.41622198805
8.4022897726
6.79621136563
8.47642173775
9.01644835668
9.75025867786
8.72904161797
8.23188764637
9.2845220125
8.41592577598
8.50765404037
8.93480452873
8.00724892406
8.92893440571
7.96157246649
6.42004819861
9.8953774443
7.13316579374
8.75832718262
8.66567210176
8.50747343528
9.02795942105
6.71476151314
7.26745747769
8.88958029576
7.32445740605
7.35439702793
9.02938951172
8.97117708433
8.98910180356
7.52366783084
7.66863194397
8.83377682102
8.28356735893
8.72452737249
8.46631547526
7.70365128831
9.06065662146
8.88479108753
7.83211688891
10.0219405019
6.9471622184
8.75823325998
8.18490806745
9.4380385224
9.26427087393
7.05006323858
8.25057400282
8.33434413377
8.19784019267
7.30405849884
9.15673985743
8.74796525288
9.66551759813
8.43751853663
8.91246354862
8.93328852082
8.0776302151
8.79798560604
9.36090622746
9.23689361996
8.56075954527
8.5146261038
8.11309066954
8.33457347773
