19.3707062138
16.8410224128
8.11316991258
4.98233293875
7.14683051416
9.82270449372
20.3136499893
19.7461973634
10.1657751076
5.6274608183
7.71498087243
9.64461274043
19.8972721137
16.9212352191
10.9780555459
6.98470733825
6.51531680951
6.71542707467
9.55372571349
16.9922160659
22.0328676073
20.7335755249
17.066655105
15.8515926257
19.612212069
17.561321531
6.82752268709
5.82233020412
9.61646742833
6.65211639643
21.3144450989
23.9576640154
8.86060878174
5.11800851679
8.34260962678
9.25969646035
21.9989020889
19.6525142039
12.1029778027
7.5861321919
5.54254717248
6.62930579371
8.79936852609
14.4841354865
20.0455801099
21.2614521062
17.0577952112
14.5134445944
6.55432861565
11.005507979
8.78403250752
5.46172815658
6.75865163989
10.8645779356
25.1689713592
19.768511155
10.1263243098
5.5820342587
6.59429895078
8.97880395874
22.7977347604
22.7567254375
12.0723565937
6.716651957
5.53155872208
7.23750577715
8.52857145523
15.051945022
22.4769260872
25.4000247255
20.1900164435
12.1518101591
15.658058204
21.4453174376
7.88551306895
5.84921818446
6.07864194171
9.80220979127
17.9244033383
15.4966863336
7.27033735082
5.79991770005
6.7529469502
13.995443641
23.7613329229
21.1475281442
11.1602149145
5.84144545818
5.32344512233
6.73874832159
8.33971261144
13.8019725703
22.9664192733
27.6782425108
22.1577948252
12.9144253346
4.95845468635
25.8544539911
20.3574315768
9.20487755541
7.31628598234
14.1197089069
19.3421664524
12.003511423
7.16758545429
5.81929058647
6.78780442583
12.2694700944
19.9311811049
14.6513116877
10.3870911573
5.76757854935
5.8571454483
7.69545141685
11.9310284481
19.0677732269
23.5082257535
21.7492421856
18.087084061
13.731926289
7.2830791961
6.03976885785
9.22237150708
15.3470300662
20.4696369719
19.8903971903
14.5377121301
19.9254584814
15.481846864
8.34909989356
10.4803255625
12.8315896758
14.3543739558
11.5167080186
8.49516644104
6.17344241856
6.26465083737
7.28093607537
10.121036723
15.2346473747
19.5192075006
18.7759013216
16.3448050664
13.1079431225
6.45353065784
5.56724285032
6.51776329963
16.0009330399
19.1136442125
18.4974726866
18.011472355
10.9926355753
8.088206809
6.3231354939
8.3674387847
15.1934830427
19.0263610346
17.6266497148
15.8553801215
10.7105663278
9.74645790786
8.90421082593
10.5463034306
13.7022841459
13.1077358487
12.2168513818
13.6197640353
12.747770942
6.1633929314
5.34912858544
6.33754010704
11.0456002663
16.6310870807
15.1365365404
15.9950212457
7.44206392443
5.87602805764
6.5644613628
7.9562428859
15.4714899914
21.6187022325
21.1149078478
18.5477324984
16.9335375011
11.2491773574
7.1606147072
6.65712955981
6.05823833378
6.82311172219
7.13896662087
17.7058504369
18.7071638588
7.44663633977
7.83721668144
9.96627378293
11.5645396379
9.90722959173
12.9655352424
15.8601888318
16.4486160658
14.4642858579
11.3967520638
8.39123807552
12.842552321
19.6919824515
17.2695863504
16.4353210883
12.6385911696
8.1052748148
6.57706179995
6.0281450479
6.65185818977
7.19834584657
7.54601492647
8.3281782603
10.9268037535
11.1149066755
16.7223074526
10.5883709818
12.2856237982
12.3031529297
20.5465631359
21.6762868178
21.2137327591
17.0615852761
13.6382212418
11.5509952506
8.40170910495
6.64471392141
6.83479817733
6.90538764647
7.00273096579
7.50182529026
8.07999593326
8.55609771731
9.59432235962
9.63225910184
9.89385965019
10.0344426004
10.0975874408
