7.48703329239
4.72648207668
6.20504410557
5.60456454695
5.02860254702
6.6402775173
6.35986045242
5.30461952036
8.04812647109
7.02312515132
6.52812499905
6.99195997688
6.51322067683
6.38854598984
5.71332078878
5.55242285203
6.37028092024
7.33853809079
6.37469114581
5.88815393182
6.42782856241
6.70066309548
5.97735051601
7.36697502813
8.89098213425
5.48427649632
6.60959901359
7.91491170895
5.80026699293
6.62733949614
6.09834457962
5.39907903422
5.88169590194
5.5179637826
5.02121655886
6.98155000807
6.49905726534
7.46185612585
6.44038187621
6.35838100092
6.10455899743
6.3960644043
7.0220814445
5.24272765304
5.87726525916
7.03966826544
7.10179295631
7.2942524281
5.20774237263
6.06864209809
6.60299923693
5.25892373224
6.58180960692
9.49255353638
7.00813638009
6.08898980543
8.27848844934
6.55717714164
5.47294061244
7.06958425615
5.75392246604
5.41958041299
6.14235853983
6.0118539669
5.1809116826
7.09180369725
8.20921873393
6.00653190039
6.43570737998
6.55206577568
7.31623518142
7.05160225802
5.20345282285
5.07560613952
6.01875891538
5.32985317444
4.43000929238
5.3998858184
7.48758853289
6.03503806443
5.84711642392
5.54101622779
6.70497607525
9.72912047358
7.24566148336
6.29707835099
7.13425318443
6.5510701501
5.39440919962
6.68384655662
5.7620462544
5.53373344227
6.24877899566
5.90225848431
5.14603727102
8.13695208267
5.21045072829
5.29032885908
4.50527574749
4.63362898969
4.30200384819
5.20647265545
7.28057383538
5.11976622185
5.24851934262
6.16155562723
6.48526741252
5.35297864121
4.51721526455
5.55245299436
7.44248420718
5.69978223607
6.89227034041
9.93829962697
7.00310819207
5.26342688235
7.19157421207
6.44595633255
5.14107569094
6.648356335
5.81059693008
5.99999694658
5.29943119382
4.95053011593
5.83735981441
5.82602892436
5.49199720957
5.5935910551
6.33010620861
6.1499005099
6.66343168549
6.12351757617
4.39644078157
5.29450376976
7.59449804974
5.5005748394
5.56267366005
6.25158353845
6.58187097191
5.44354555523
4.48551321367
5.53710826414
7.07939369764
9.63630112673
5.29432699963
5.11325812563
4.83942493479
4.94664074372
4.93018916025
5.14788153264
5.10471029816
5.40034390128
6.41643309804
6.5220089867
7.08707636068
6.80462471015
6.3994014199
5.4257707715
5.31924597542
5.14438532774
5.93631720082
5.81963865184
5.28487110582
5.29452731703
4.36836078222
5.47954697607
7.56981480307
5.25483244487
3.9728917956
5.01844368292
5.07471427522
4.98648748131
5.38815862771
5.42463253092
5.57093396382
5.34774679871
5.52549805427
5.98437212288
6.2838425686
5.81358126605
5.6446338782
5.82020610401
6.05165150023
5.85558125946
5.58270051457
5.58001230199
5.2547426488
5.192652459
6.43701587897
6.59007457461
7.20298520493
6.82592824985
6.62769304933
5.37563902366
5.79215672578
6.37146075523
6.02358964537
6.2396922187
6.27509935837
6.22233275481
6.29108065675
6.22876486558
6.14432443908
6.19212816306
6.14583541711
6.2514654256
6.17550674137
6.129172614
6.15303029922
6.17106097419
6.15275303525
6.15717511791
6.09153047924
5.68995071324
5.76450334965
5.40633063998
5.13541803389
6.08043828904
5.57202272712
5.67073626518
5.6587627655
5.62669264273
5.74096790906
5.81517589633
5.61864613504
5.89311534637
5.71830761161
5.87475502182
5.79824921321
5.89751125657
5.87820500099
5.85052734487
5.80105706509
5.91424736011
5.86006742807
5.79509351605
5.91794673634
5.99405396975
5.98788599164
6.1975616057
