5.10562315053
3.95923781488
7.6697882122
7.06703417572
3.60796203801
4.92597818925
9.18763212534
5.03620501142
4.09182984011
10.1001411148
5.89529012525
3.79934910234
6.89056006672
10.6310091457
5.27090133168
4.19787474853
7.49092001532
9.78200334693
5.6591074087
4.20851678401
6.62646846496
9.74317133856
8.05304602593
7.19653821199
3.61804802485
7.42016797964
8.18265527035
8.04607867766
5.22883608296
5.36447963868
7.22745927615
4.79488534034
4.53342107162
8.8954408163
8.66354100923
3.92140022041
6.21251321072
10.0667171227
4.71423054289
4.4037450826
6.80673148141
10.826732017
5.28288980305
3.6499503617
5.170869649
9.21640796532
11.3944330094
6.2708574369
3.27030243937
6.88522390391
8.19952371561
6.84821080192
3.76284882666
4.73297470592
6.36910922654
10.468520586
4.53487278504
6.26194070592
7.22865932663
3.95528468181
5.93252536842
9.50541811026
6.04760277645
4.11861407799
6.31095316884
10.0097535176
5.13165582284
3.77522250446
5.11635682721
8.52499685284
10.7202553551
6.4869960649
8.95316718694
16.4439591015
6.89389442342
5.80841597343
4.119526491
2.85968274937
4.36710246251
5.1656643528
7.24329972572
3.98097964164
4.71053988639
8.33056173123
4.90080894782
7.22951946242
6.05063838301
4.24292557839
5.89800795173
9.54250903176
7.57097351172
3.70467023242
4.35845976001
8.90810567069
9.97177738761
5.74180052731
6.94997831785
10.2979075673
10.953919577
15.3839953807
11.1906077872
5.01667535179
2.69252795164
2.88671287746
3.83868231195
4.73871738924
6.36898128397
5.76631966034
4.19923211992
5.17428001336
3.89338638327
5.09468898299
5.21333102763
7.16234247677
6.70566079474
4.13713732038
5.30789881971
7.94985606739
9.35272743538
8.99926356753
9.49428162077
8.6622523827
17.7484218355
16.7080567665
7.3901167164
3.82892498817
2.88144430964
2.77850539907
3.13302875046
3.69108215894
4.46805195818
6.25275457721
8.73102120253
13.1003011997
15.3308494304
15.1805035956
11.2308080397
4.8216232377
4.13728705358
4.06273989549
4.35541456523
5.83842255788
7.70489954484
7.29430907637
4.94751070659
6.12109527123
5.5868125386
4.79153021699
3.4476024299
3.15584048778
3.62958688684
3.58516267828
4.3179340703
4.43092841593
4.94129006968
5.03571481802
5.40568949761
6.30635903162
12.5328568808
10.2527361493
7.38418771282
4.1247779676
2.85314996576
2.86550778491
3.35466648378
3.91919365283
4.89890079555
6.4210939113
14.2120332061
13.7697241267
12.6153920944
11.1368881369
8.25434190253
8.69999546256
8.69201704552
8.64802878284
8.50195387619
8.41050850786
3.77814011342
3.90706924271
4.65296634686
5.41042991501
5.91992312567
6.66010562379
8.19652609298
8.56272656831
8.20848989514
7.98440155749
8.14559597749
8.54142014464
9.58026033375
9.15757069967
12.8312823408
13.0724586343
12.2065509552
12.5433964607
10.7461622693
10.4286345042
11.1184946503
11.0653909684
11.0461359432
11.3766915329
11.3680167324
11.3479672213
11.2023202392
11.1016635482
11.1065512854
10.9856394626
11.1178325918
11.1431577996
11.3623268286
11.202218465
11.1961617262
11.2714848695
11.272592517
11.6742997323
12.845958239
10.7758441991
10.9338047261
10.4266333573
11.3170785108
11.3279574161
11.8819257106
12.0245129557
11.9185286655
11.9639076974
11.8850994482
11.7658660279
11.6678086216
11.3425358702
11.5225245505
11.4635519425
11.5226758141
11.4169103753
11.1390894873
11.3032197306
11.3261259814
11.2279383681
11.9920705226
11.5113625821
