4.58699611374
5.47323574506
5.82293148178
8.88474381945
9.82082780822
11.0769377039
10.8910725451
9.87128909515
9.44788783134
7.79588709217
6.6393069021
6.34992231848
5.81276551259
5.23156452998
5.0214033261
5.51995043258
5.43604570314
5.51676549909
5.86061718486
5.50355551233
5.9545892065
6.66241840404
7.00483273999
7.58019026945
3.88928546576
4.69493101988
4.9857196487
5.43943251767
5.83130002798
6.02877665315
6.26939756066
6.81982201593
7.00524489454
7.01413530539
6.92524603403
6.96718661853
6.88678132733
6.84095398693
4.76617649387
5.02572307389
4.9540021081
5.60903111711
5.91284292389
5.75388350408
5.76433915138
5.74458252911
7.03704922818
7.9672419482
3.02071919757
4.42382484283
5.25402983309
6.45528342395
6.33980446518
5.97961941331
6.83546151464
7.59042508093
7.11634850171
7.24181779903
7.44800733612
7.36623402916
7.38379106843
7.62015449699
7.05900786839
7.60421771976
7.39286067548
7.26969208473
7.51938222301
7.45279401722
7.64217793501
7.159287841
7.24143936612
7.06046470108
4.32461867355
4.5170945865
4.72227961518
5.11574460495
6.02861031346
6.36975707842
6.90065251774
8.66651302114
8.09187986808
8.15209127118
8.13656560303
8.14670425903
8.37893205643
8.24852890497
8.93062122709
8.47978134575
8.37420253028
8.28586804842
8.51347638741
8.68367872909
8.52203587105
9.00383487139
9.04453987113
9.27309793481
3.76934513285
3.81096334446
4.19834038076
4.31361693882
4.9887410867
5.72527435832
7.43138493511
8.85651861508
8.63588687725
8.78514975836
8.85226024355
8.34686482997
9.03659862
8.80636908019
8.98949157368
9.09401352573
9.21135721614
8.81911378909
8.98410132004
9.2097411763
8.99336741551
9.07861891919
9.4305585213
8.86569924143
3.75507334272
4.08849532294
4.74162543179
4.73430707203
5.50909350978
6.89057960629
7.35898576643
8.06541337946
8.28320674745
8.73176178318
8.04487218615
8.20842043892
7.92596093075
8.3479561705
8.2945774627
8.20858474044
8.16805771186
8.31444764454
8.3468700087
8.54332281955
8.30565491396
8.18595073858
7.93175221331
8.47271803727
3.88555463595
4.28635741309
5.18561607774
5.18147375197
5.78567161293
6.33121253552
6.84730706818
7.50726857471
7.30394724134
7.64035560598
7.61565547546
7.18990276488
7.43462116215
7.40877290217
7.67330004061
7.90371435928
7.53035922343
7.46208885081
7.41302650135
7.40280625973
7.29358584081
7.31554322918
7.44907596736
7.63176227215
4.19509051082
5.14764208591
4.98763364715
4.61793364826
4.89197161506
5.49603575595
5.4493588265
5.60252849095
5.52933803981
5.56410535309
6.01713138846
5.97965937775
6.04025716328
5.95625528381
5.99353934193
6.08632716703
5.6159502597
5.94932527621
6.03741215291
5.85238522896
6.06187939095
6.24427860069
6.27668332304
6.21962271654
3.87583538307
4.45607226358
5.25516097035
5.58745437555
5.78084313618
5.99348180275
6.1688982683
6.26946646664
6.59773350754
6.62947021982
6.80653935045
6.59854702395
6.61580884374
6.70417742218
6.47378784177
6.44606216968
6.61069217544
6.45110026235
6.50929104086
6.50598014272
6.13197928481
6.26100441324
6.17530663037
6.17493548521
4.68273445792
4.44409529163
5.31735422494
5.23242574553
5.35697715654
5.55465078109
6.0993175725
6.33279446924
6.14137086688
6.52411745531
6.68652175024
6.25726161376
6.39533193131
6.47004185395
6.680064218
6.74524618005
6.53665082657
6.07132683833
6.62317609193
6.84699018142
6.65296080857
6.69413421
6.91942453612
6.69673610459
