4.20423153215
5.40433623873
7.45727954354
7.67638423218
11.8850945348
8.51724723432
5.7719055265
5.72317531823
6.73342897946
8.56222060148
4.60898146361
4.87866924556
5.97777016815
8.77999649563
9.46291932221
4.93599417733
4.50065217388
7.4277980289
7.10230257465
9.68900552153
11.959974467
12.1846383449
6.29098217255
6.39210848459
11.4429488997
4.31425178432
4.92798530173
5.48364675594
11.4389876548
5.09764341397
7.93297368103
8.03031610702
9.63957948626
11.4297054075
4.85842579523
6.03796701131
5.81323816863
7.73400599127
8.12142122564
4.83289633302
4.61003482957
6.44527934185
6.22353314439
8.34876291479
10.1101265233
9.19560332251
5.1093618955
4.45681454934
4.29520544822
4.45383124637
3.79914484714
6.86189917581
6.18686600598
11.3530431739
8.67915452375
4.62644906459
6.18566625828
6.77471107157
6.14250613391
9.0004300332
8.01529443413
10.8210303475
8.67955806131
5.99492611197
5.19998158729
5.70770164658
5.42074079987
7.11895842405
8.71063260191
8.1389723569
5.07818408819
4.85790843376
5.13565784511
3.9728204396
3.61959188045
3.55340564233
4.91633960484
5.92183450372
6.36612695473
7.65486911656
6.64643900335
5.89855587109
5.85827326933
10.2708504587
8.43621917511
5.09960335828
5.39449102615
7.40593483422
9.44250994672
9.48728405895
7.43782673347
7.82156421264
9.69672285471
8.28428841603
5.98311591608
5.41480996508
13.4739055348
7.56759449294
3.39508297018
4.05616913636
4.70498859732
4.68593558603
5.10038816328
5.766070739
8.83063094148
9.93424911671
10.0505146897
8.83792992609
6.26597578971
6.01969685978
5.94251162619
6.91986218139
4.73308083703
5.33467481751
9.56644963127
10.5904970261
12.5870662081
4.49566121021
7.01062160469
9.48608251002
4.89124441371
4.95909856339
4.89965720259
5.69639058551
4.45186009857
5.29586279123
5.19885009169
5.18863506558
5.76598729337
10.3830020503
9.03369008547
7.3319170691
5.34440336161
4.81023745462
4.34360413153
4.4735163795
4.33370882716
4.41489076307
4.7555275504
4.93599569937
5.44657112463
5.2704397238
5.77630370461
5.72276803435
4.919282591
5.41262181699
6.18712419795
6.94522340651
6.76905044903
6.8846845381
6.35364616814
5.48155497466
5.76458250793
5.92051428894
5.80487006128
5.85903656337
5.86260247206
5.80767703456
6.22532921995
6.05185296318
5.82189881406
5.93148015736
5.79993386609
6.38666174799
6.24351869968
6.16692395783
6.33416135797
6.94779770859
7.8283982941
7.02552419983
6.42524060584
5.70739697588
5.79500178734
6.13233520159
6.47533993458
6.59070345491
6.55872563932
7.04421777927
7.28607514844
7.50351410404
7.48410515521
7.91133154205
8.38679870682
7.95234203253
8.41556827871
7.84357710621
7.6955188334
7.34879592147
7.11899243297
7.02979338142
7.43713405817
7.60270590333
6.49683845563
5.76983829646
5.35477736891
6.02063668466
5.68404448828
6.08173400042
6.66219482246
6.86564328963
6.51630750939
6.62545024791
6.28258984253
6.28459356425
6.60882204009
6.55556547948
6.64971132852
6.75810872115
6.5725024397
6.65097023731
6.59028635874
6.88952065938
6.7788389369
6.98064108766
7.20320996928
7.68101991423
5.92768171374
7.33180122064
6.69891597731
6.39201407129
6.02088125167
6.26819187774
6.31245590133
6.44063239623
6.68406108851
7.01505380466
6.80236400042
6.81119189153
6.83860441607
6.99345135234
7.06896186526
6.88054788983
6.85195208126
6.90112982207
7.37026460928
7.39079742335
7.28332467764
6.90118154787
7.03907434957
7.06212473846
