7.30574753414
9.59264488315
10.7248913143
7.344537212
6.10009396645
6.65913039293
8.15764820742
10.4408368044
9.74399840876
10.5031864981
8.3728509937
6.23798832856
4.99421763595
5.69375409813
7.19228727049
10.5250642536
8.31187678241
11.2836806115
9.75832720191
9.75385429893
8.2198632913
7.74620418255
8.5969054792
10.6254439538
13.489474158
9.01952876048
8.9805920228
7.81338767706
5.81065027599
5.88904362882
8.0548477651
8.52809475721
9.3161778173
12.840569956
11.7091018169
7.49621384802
5.62245808659
6.80186013391
7.7255234771
9.56402870296
9.70704009478
10.6191197495
8.85284329735
6.36837796959
5.02844586651
6.32071145462
7.41574232265
10.7519426395
8.69162985224
7.65412043222
8.21376738903
7.8138735823
7.78500489608
8.14367608812
9.58510157506
9.80640840513
9.59546795621
9.90843880117
9.12123527561
6.81444414217
5.47051955478
5.72856870017
8.64464513554
9.2928395007
9.90496162805
12.7752044344
11.4920787174
7.36203312374
5.32183519119
6.60449476842
7.5025412532
9.54079995613
16.9007581922
9.99986397103
5.71839807388
6.93891256753
8.99661219844
8.31402248015
9.50285340556
10.884967791
11.0616613032
10.6249049756
12.9704038875
12.2170202643
10.401162882
8.6979068942
7.17412871414
10.076636342
9.49075767038
9.35957061468
8.95134243666
6.76458148702
5.56136722264
5.71385056859
9.58241788514
9.11492872808
4.91994389276
7.01948498896
7.23845553963
6.76007231742
6.80024489196
6.92414617744
7.56462291733
7.65265400631
7.849484269
8.28387531295
8.83377866133
10.4297704657
8.44841615832
7.76154059954
7.31394252598
7.53550514158
8.9468340826
9.64116329503
10.0561369617
11.6234686097
11.3428721319
10.1195825816
12.4778713154
9.51548339137
9.80430929332
8.84640317779
8.64315934805
8.05268674608
7.94493888224
7.42522887892
7.91004328749
7.7824251559
7.74359516021
8.21039843076
8.46174353267
8.32259603657
8.1516088047
8.95906709987
9.90436207328
9.93592279682
9.77139865629
9.40068606885
8.71530183039
8.05334623399
7.77474837419
7.47889661097
7.80892360646
10.5125823561
7.29925703828
8.06395678965
9.25228097029
9.43901340254
9.17852117717
9.01054005473
9.03345267311
8.61996114412
8.48025080623
8.60962147156
8.5746941003
8.62182437009
8.76967031876
8.6418334101
8.70215095576
8.9422627044
8.80511817883
8.77377152815
8.91373850823
9.00867877595
9.03619479797
8.99316430316
8.9859142104
9.85844510268
11.3327196018
9.4763844409
10.2692242049
7.82538752184
8.28075275411
8.64608099802
8.64297926279
8.40324016044
8.35807724388
8.26367115986
8.20223908321
8.37334736544
8.19144499226
8.31012936396
8.4124583856
8.45973355654
8.59137902259
8.60071203783
8.58848013453
8.32526325874
8.26747938399
8.13352223254
8.25854382458
8.09894880027
7.76314997846
8.58320300432
9.3398951979
10.425956901
9.85493265112
10.5976371453
11.0647796345
11.134083435
11.2294109481
11.7777311257
11.7251852821
11.2198018462
11.2507409968
11.2051062472
11.4008493675
11.1353341361
11.1259970826
11.3057266938
11.2678692245
10.8685308848
11.1095252162
10.8142509454
10.9914553026
11.3711910807
8.0290448453
9.52264169211
9.39984623635
10.0506362727
10.61218665
10.7692999128
10.228353759
10.6226162497
10.490593591
10.7770172322
11.0015731292
11.034313613
11.0726949661
11.0179765109
11.0218672642
11.2578818806
11.1950707448
11.3329688431
11.174514735
11.2369423619
11.3750130035
11.204045513
11.1674070168
10.1253188903
