4.7514127905
3.35120940361
4.03827030322
5.8655460661
9.33613690725
12.4546863146
10.9412685365
8.26701309368
5.7389107135
4.06256416658
3.7069356729
3.25655142862
11.375515091
12.5466147397
8.1441643291
4.32780331289
4.10956191423
3.90455959919
4.10579369867
4.87162718946
9.99840646313
12.3904613861
8.26198570239
4.61141196935
4.20124226755
2.97788049704
3.776738203
6.05213616404
10.301929066
12.8231611557
11.1389981113
8.49533068106
6.10492474071
3.73461777396
3.0777754012
3.27098686709
3.62085208774
3.77672220721
4.29583726599
6.22406825116
9.72481416253
12.4686773739
10.5900789788
7.94137780375
10.5075931514
12.847918868
7.5998446954
4.95599963049
4.84026367258
3.64705095605
3.18861301051
5.70881276187
9.50805002224
11.8971301706
10.2523286557
7.53577052631
5.45166372594
3.45783348873
3.06656229981
3.18004255057
3.5744482691
3.56865741576
4.04747147602
6.30319347165
10.2774724505
12.9263593514
11.4676270648
8.25525219257
5.31511699622
4.19870780739
3.4377076035
3.93949745442
4.40433747611
3.18292263213
3.51647414262
4.98179998718
7.98273979015
10.4289512319
10.6057134894
8.09859659296
5.66240259754
3.45607463881
2.91436203938
3.16148413856
3.70492464479
3.68632888772
4.48494576109
6.16288774367
9.6142499514
11.5984586165
9.67806089818
7.84391853288
5.48668976272
4.01717371386
3.66024704343
3.75025990778
4.50332371134
3.49354219913
4.05448433769
5.11825378064
7.35644336555
8.83916328116
9.21873281517
5.75192043202
4.61312186407
2.95686945688
2.83166137044
2.64304001912
3.52008048495
4.05164070711
4.25218977285
5.80973446929
8.52448511403
10.9089102132
10.6442842314
8.00933893685
5.36569853934
3.97342990679
3.26007286138
4.08450643734
10.7237730849
12.4441558783
12.1384936307
4.89257026635
7.23304015558
9.73317034942
11.8256506456
13.3145057841
14.9453057906
14.6150798113
13.4970062766
11.9762460834
10.475845586
8.13379105939
6.15626622734
4.70121821338
7.6227218695
8.80174703303
8.67831999091
5.80938435216
4.57975807226
3.97190433408
3.10108436642
3.2184735689
9.82221466312
11.2780527958
11.7894570532
11.4174872902
11.9441461065
11.3184364476
11.47959726
11.8505045251
11.7792851872
12.5065813118
11.962673265
11.6700606557
11.8169510278
11.9750472551
11.5083677409
11.4743380497
11.7677604104
11.9083058956
11.7636577097
11.9871761645
11.6311854561
11.7619537908
12.1195807324
12.3651593516
10.4311863089
11.8621819184
11.3862874463
11.2657884446
11.3107074336
11.3672768876
11.3980744313
11.5578299043
11.4593765264
12.1710495787
11.6005101686
11.3659922116
11.6486270401
11.595030674
11.2329162428
11.59356353
11.2647540247
11.7436744472
11.5449991554
11.3229075236
11.2268415013
11.6841476241
11.5018612391
11.6207837294
11.6435112374
12.5944275987
11.889312251
11.7559434569
11.8331612362
12.2812188232
12.1320114086
11.9115027337
11.768692483
12.7365423501
12.1980684705
11.8160816499
12.1356154799
11.8949856591
11.8374417837
11.9131600983
11.8608302242
12.0609664199
12.0293280355
11.933806523
11.9411677248
12.3881916299
11.7572676728
11.7004364276
10.6992073921
11.7281958125
11.3673767188
11.4593485931
11.464309617
11.7645424284
11.7453879082
11.8248643571
11.4783833666
12.3878210264
11.7286415986
11.5914949144
12.0525598718
12.1211454033
11.5354333672
11.3983818313
11.3949400897
11.9233602179
11.4693974977
12.0024113147
11.2940608496
11.4624025091
12.0334068944
12.1049328694
