0.083760363
0.314545607
0.155778325
0.178105906
0.142830882
0.04038357
0.349307472
0.265537457
0.37566408
0.216701303
-0.120984229
-0.993787562
-0.101168976
0.302069988
0.582371408
-0.134743379
0.174506155
0.145949762
0.179014743
0.298709174
0.163695519
0.2571254
0.265326534
0.373088332
0.079730857
0.141474181
0.10932585
0.286109556
0.400608728
-0.214827301
-0.025488421
-0.158880418
0.157711246
0.210112993
0.350120563
0.255788547
0.483435843
0.519023629
0.010407466
0.143285601
-0.006992284
-0.003729288
0.055747847
0.287788569
0.171202668
0.294979453
0.331410163
-0.102594866
0.236439712
0.19751151
0.176525281
-0.040271776
0.150197902
0.147085341
0.245870653
0.032387336
0.128005989
0.025322214
0.142896976
0.344324994
0.455410815
0.051177155
-0.083806051
-0.011117583
0.025454995
0.092744608
0.256035229
0.387764646
0.35982486
0.18254256
-0.016175024
0.143802266
0.025071555
0.010862997
0.004206907
0.255517817
0.356413388
0.043325412
0.126653513
0.276412858