0.423862245
0.66695378
0.251693842
0.470746719
0.597188804
0.788772466
0.994146317
0.025453169
0.164125968
0.173189856
0.116520805
0.192578849
0.251411165
-0.033453961
0.024688347
-0.171425775
0.101888998
0.232130316
0.147114731
0.33217217
0.444234426
-0.122104931
0.38742931
0.787668991
0.235200949
0.044486627
-0.050410164
0.303697227
0.689233942
0.605017731
0.944923724
0.487577456
0.170714629
0.402825261
0.444244036
0.277549074
0.387694196
0.099436073
0.017105017
0.097565747
0.234352549
-0.178165204
0.389075823
0.406598504
0.555978862
0.900914353
0.841161687
0.95467112
-0.028092247
-0.14652763
-0.078191404
0.292188639
0.151376292
0.211642327
-0.068437227
-0.380331329
0.432638496
0.337996852
0.682890398
0.390094872
0.801286245
0.886957299
0.840258326
0.956765104
0.053504993
-0.248639424
0.039158878
0.142744732
-0.0549461
0.438867068
0.557313757
0.790757452
0.190880319
0.26632941
0.476875662
0.120670497
0.223233871
-0.212353324
-0.04515615
0.076017556