0.13296743
0.064595783
-0.020909586
-0.000639998
0.210463609
0.125613293
0.145937212
0.177124631
0.182723061
0.226374541
0.210566988
0.310141921
0.349339416
0.386432048
0.145988285
0.152523306
0.241375013
0.152863525
0.126598325
0.135300508
-0.176819312
-0.127448287
-0.028798132
-0.254564833
0.00239921
0.051071845
0.291663249
0.252087377
0.042349084
0.068183541
0.315626474
0.312809475
0.435722778
0.278263448
0.128354821
-0.053393533
-0.056195135
0.062788691
0.076508683
0.003806477
0.35208157
0.476653834
0.505009902
0.378628199
0.251354877
-0.043936004
-0.034333588
0.176614393
0.227717766
0.264395057
0.204615051
0.254366219
0.298587179
0.281617959
0.401372519
0.225531105
0.241148313
0.335826985
0.369066426
-0.061096214
0.128982517
0.123769128
0.119677252
0.126274728
0.231262608
0.268955816
0.122472049
0.09267816
0.148649028
0.221304638
0.283078696
0.279389244
0.151325747
0.235197217
0.29779475
0.111850813
0.239734695
0.580106653
0.863705843
0.90787718