0.26558747
-0.058455876
0.440109097
-0.184268722
-0.943507505
-0.131558466
0.95680606
0.983019935
0.312423835
0.819477923
0.065621819
0.157175081
0.304181711
0.464417926
0.952990638
0.619044191
0.314617523
-0.297541813
-0.363153071
0.889940885
0.94563086
0.999684343
0.985131307
-0.089695089
0.082771986
0.225391606
0.442789145
0.685999563
0.129549178
0.55815083
0.598684468
-0.343269069
0.130136131
0.310601193
0.153981864
0.112540073
0.087084602
0.229937037
-0.109802998
0.105566379
0.338591952
0.324946172
0.494842942
0.753142115
0.191073123
-0.511831073
0.99156353
0.608662616
0.52188516
0.440476789
0.111631536
-0.370386179
0.971575551
0.655446555
-0.871751195
0.958907342
0.327905246
0.552010158
0.668395715
0.783559839
0.2598769
-0.699872187
0.961217228
0.275567681
0.019605611
0.145102796
0.108315162
0.053257987
-0.177216165
0.894341391
0.917895607
0.966647533
0.003051407
0.322600018
0.238531916
0.17138713
-0.169473569
0.849171007
0.83791123
0.1423454