0.212557184
0.089600884
0.091471859
0.085269164
0.149132688
0.160076516
0.225952241
0.356107884
0.259700294
0.16805254
0.355917574
0.283583204
0.165208559
0.191890465
0.242790984
0.112743397
0.123097386
0.271996868
0.136346481
0.084414029
0.219335879
0.204337934
0.204436023
0.101693813
0.255090714
0.21978462
0.182262141
0.214392748
0.229465682
0.190511861
0.24094825
0.214929519
0.004309671
0.034931009
0.164646938
0.033280242
0.355318014
0.309224246
0.138248853
0.138260052
0.059694564
0.087706257
0.186358937
0.021163364
0.085137763
0.119681182
0.209347551
0.297307005
-0.033990608
-0.009069836
0.243682664
0.29406799
0.216831299
0.263118208
0.06784565
0.069875963
0.050268207
-0.024580122
0.180975695
0.215777629
0.093308398
0.14752023
-0.029323725
0.093096736
0.175550255
0.239463535
0.15256216
0.145230239
0.241346772
0.043828599
0.15578761
0.128080888
0.313824625
0.247200023
0.213914941
0.370464592
0.11885215
0.180866185
0.298334222
0.203262236