0.234576349
0.509193224
0.897526884
1
1
0.085329647
0.234576349
0.234576349
0.062447842
0.235003382
0.234576349
1
0.508133154
0.510864201
0.234576349
0.234576349
0.234576349
0.234576349
0.234576349
0.234576349
0.234576349
0.234576349
0.234576349
0.23455499
0.510864201
0.510864201
0.510864201
0.510864201
-1
-0.358921243
-1
-1
0.510864201
0.510864201
0.510864201
0.510864201
0.510864201
0.510864201
0.510864201
0.085329647
0.510864201
0.510864201
0.510864201
0.510864201
0.5108642
0.510864201
0.510864201
0.510864201
0.234576349
0.234576349
0.234576349
0.234576349
0.234576349
0.234576349
0.234576349
0.234576349
0.234576349
0.234576349
0.234576349
0.234576349
0.234576349
0.234576349
0.234576349
0.234576349
0.234576349
0.234576349
0.234576349
0.234576349
0.234576349
0.234576349
0.234576349
0.234576349
0.234576349
0.234576349
0.234576349
0.234576349
0.234576349
0.234576349
0.234576349
0.234576349