0.065090194
-0.060050035
0.34559033
0.466655458
0.573300109
0.112302472
-0.109090356
0.147309937
0.222167565
0.180555078
0.21166391
0.180791379
0.346540356
0.243531148
0.077696601
0.564716742
0.200351934
0.109725101
0.350278417
0.399404369
0.473389712
0.400065291
0.269836791
0.367519686
0.110338203
0.336163372
0.142750153
0.239716353
0.362932625
0.194247488
0.380949563
0.559935751
-0.000272682
-0.045500251
0.596176332
0.701989449
0.343954753
0.114504519
0.116157155
0.318598316
0.172190591
0.147736369
0.364598992
0.28750851
-0.105065301
0.253128521
0.819835294
0.312369665
0.503503083
0.452156498
0.15505094
0.439279425
0.339466003
-0.141368753
0.081604564
0.011569108
-0.167765716
0.027346845
0.596082715
0.362451112
0.709537751
0.836726451
0.38143913
0.26426117
0.328141363
0.519409918
0.489198762
0.581668875
0.454052382
0.487139348
0.321456661
0.233607568
0.038545684
0.018007164
0.315526673
0.575940118
0.895677212
0.317360387
0.125963142
0.404400804