0.082844419
-0.116753748
0.003799724
0.047896427
0.11788966
0.10523129
-0.065338658
0.073150339
0.058955789
-0.019876635
-0.003098213
-0.07061073
0.104292703
0.016099785
-0.062150744
0.309324846
0.095360761
0.213421378
0.134997524
0.228755229
0.219206589
0.204233332
0.311433249
0.1553231
0.357576331
0.103790621
0.003621266
0.109381949
-0.11160139
0.079017841
0.133335832
0.07164534
0.276367754
0.266957438
0.407299581
0.395068368
0.363281209
0.213859985
0.108376856
0.216783213
0.290051312
-0.102300113
-0.024610019
0.181585018
0.049005996
0.014562127
-0.013404254
0.0794599
0.156216662
0.187195936
0.13540203
0.277871717
0.235715016
0.051993605
0.093926893
0.208852102
0.323085956
0.394720633
0.265109788
0.43498457
0.159064041
0.161989274
0.214712933
0.030150117
0.25248235
0.269549139
0.357850389
0.304057304
0.499212437
0.399410347
0.462839753
0.395363578
0.29893367
-0.02404163
0.234106156
0.186659866
0.141281908
0.071702022
-0.017262321
0.120452382