0.063034861
0.050980957
-0.093593296
0.172942272
0.241614832
0.196788401
0.361533453
0.222598638
0.063158534
0.063174202
0.063180833
0.063155474
0.063162332
0.063162081
0.063162513
0.063176834
0.196748669
0.37101607
0.362230804
0.358844708
0.34109575
0.393022
0.392979082
0.604056525
0.226624509
0.227123958
0.195482152
0.191824023
0.357475482
0.505291006
0.070306612
0.330951734
0.076042759
0.102898467
0.184206273
0.046029344
0.196951238
0.478900121
-0.129316646
1
-0.093353422
0.258240443
0.123055547
0.203825803
0.03505803
0.039203694
0.088029686
0.131239364
0.199252977
0.149962678
0.191750264
0.184398754
0.186198788
0.19749535
0.316682066
0.468798746
0.19629387
0.198496025
0.192872627
0.18687781
0.17323303
0.045298176
0.196183316
0.239774583
0.063612245
0.063316095
-0.090087834
-0.077430093
0.185565825
0.371111175
0.36399473
0.191307803
-0.075519648
0.06303994
0.056971816
0.195053603
0.361585722
0.04631665
0.190173965
0.221882414