0.637214631
0.575404845
0.20633781
-0.623444418
-0.621889943
-0.998748589
-0.998369004
0.921055445
0.243921669
0.241656215
0.569879643
0.892773781
0.139112243
0.270683868
0.03493431
0.343458995
0.386533899
0.312026801
0.564192821
0.945100554
0.228857336
0.323819144
0.559843156
-0.045386321
0.604347003
0.745356873
0.36128092
0.552099969
0.400837053
0.675740017
0.683524404
0.666504487
0.567424571
0.373090928
-0.158340389
0.076630712
-0.210375244
0.265077374
0.335348161
-0.646411734
-0.671398247
0.940172467
0.491747641
0.990829156
0.525022766
0.353266536
0.477192953
0.204860405
0.591748148
-0.367482925
0.795466263
0.990351968
0.94063212
-0.263453224
-0.107040953
-0.007293819
0.568000284
0.382353488
0.16204607
0.619885033
0.079013778
-0.174544697
-0.908132175
0.95746718
0.297861113
0.233137217
-0.045215497
0.298976992
0.427509262
-0.090372348
0.178950922
-0.049050115
0.02993704
0.389142313
0.347814846
0.153377368
0.262433537
0.249205127
0.369121084
0.157665007