0.100782961
0.143489673
0.165486275
0.169992143
0.160806047
0.213070293
0.187218714
0.194328193
0.199232659
0.203159066
0.175532875
0.1879685
0.173890591
0.15863183
0.157421
0.151662568
0.14868742
0.138847246
0.150742906
0.143341439
0.147823342
0.149469252
0.157232218
0.154397254
0.081264532
0.062354634
0.086879699
0.094005552
0.108047101
0.135763513
0.15985054
0.179147327
0.18470437
0.222650661
0.214898878
0.223323349
0.217026883
0.217440574
0.197784525
0.188366024
0.175158807
0.159714641
0.150823486
0.141832613
0.13980049
0.132730847
0.139159556
0.136981532
0.105370765
0.082287396
0.081887313
0.101280442
0.100727461
0.12963005
0.150674339
0.159375191
0.171606708
0.191563261
0.217323985
0.192758891
0.212459402
0.20903877
0.198804658
0.184328094
0.182668354
0.16783849
0.156651962
0.152069616
0.144699942
0.1421589
0.138852186
0.145119067
0.12070077
0.138958305
0.15606472
0.184611912
0.173288223
0.211859709
0.198941693
0.208648897
0.197228958
0.211726725
0.184888222
0.187089809
0.170836575
0.162067276
0.154039059
0.144891116
0.146777791
0.136915019
0.145410059
0.140491313
0.148156226
0.146506427
0.156644201
0.15561975
0.071467206
0.131498456
0.121782995
0.160616647
0.204117283
0.193019272
0.202997425
0.229234899
0.244325743
0.218637726
0.232312012
0.216188335
0.197059674
0.175471484
0.16838554
0.14723786
0.136876851
0.137671829
0.130416288
0.1308331
0.133573499
0.141600432
0.139607835
0.150648939
0.123214578
0.150140584
0.188413211
0.179066866
0.202492442
0.206876787
0.240134577
0.204231956
0.227601837
0.206658234
0.201549035
0.175091279
0.171083348
0.155706496
0.141795226
0.143101769
0.133061313
0.138082418
0.132753685
0.145427732
0.13913658
0.151808056
0.153141334
0.161279132
0.132916732
0.138620852
0.195722241
0.172359849
0.184756264
0.198477133
0.221349962
0.200167382
0.197414301
0.209950149
0.178098186
0.178072481
0.164177858
0.159528824
0.142274637
0.150132424
0.140021637
0.140577063
0.141634574
0.146866252
0.147297337
0.149185665
0.160046962
0.157913931
0.123547527
0.124985588
0.14280425
0.16097585
0.174537944
0.201030467
0.187980902
0.231821905
0.208594174
0.219882373
0.210132525
0.202018209
0.181486659
0.174609611
0.160685404
0.147375754
0.145154847
0.136813413
0.140907318
0.132947411
0.144279435
0.1407802
0.148743124
0.151827494
0.152445579
0.151752917
0.160606547
0.178879931
0.173341102
0.194049068
0.188217567
0.208763699
0.200936637
0.195347275
0.188467397
0.173955709
0.172854439
0.156731784
0.152404241
0.146201623
0.148481826
0.141096047
0.145932543
0.144557587
0.149339087
0.151178195
0.154593351
0.159775447
0.119652813
0.099222191
0.14218419
0.274892227
0.283549006
0.246025764
0.237167818
0.25158819
0.222545641
0.192919597
0.176159955
0.173817464
0.153949285
0.135761489
0.132100855
0.124464768
0.131166212
0.128551167
0.131836281
0.138083544
0.150281502
0.153451889
0.159835714
0.16731146