0.299037994
0.280816967
0.239603308
0.217858208
0.228219366
0.234178335
0.220353047
0.214293559
0.193130588
0.183139475
0.18155222
0.18283332
0.18775108
0.190128697
0.190913899
0.193768739
0.196984483
0.201548906
0.205913306
0.208685275
0.210346546
0.210821174
0.210656967
0.210304422
0.105660264
0.120427358
0.129770742
0.159644332
0.175980209
0.183487078
0.204434804
0.215086556
0.228343872
0.237522792
0.238748972
0.238535564
0.234173504
0.227774891
0.22191352
0.214782311
0.208210111
0.202330825
0.197268366
0.194061634
0.192327626
0.19195479
0.192794069
0.194313371
0.574837277
0.492341224
0.344797791
0.283205152
0.308717754
0.260248944
0.208542205
0.165173647
0.112808266
0.108184144
0.115987398
0.129681194
0.148081683
0.157479705
0.169115319
0.184707947
0.199976509
0.216327734
0.227909531
0.233888465
0.236017031
0.234422186
0.231240435
0.226901285
0.570402241
0.458305897
0.321472851
0.283262139
0.221577806
0.140016141
0.102910351
0.081431718
0.080572335
0.095986552
0.110825021
0.132576223
0.154324293
0.174462409
0.197100078
0.217093367
0.233281831
0.244432624
0.249000867
0.2490983
0.245417235
0.238816404
0.230640633
0.221365782
0.390084935
0.325967923
0.247080894
0.242015035
0.229809313
0.198940918
0.187355392
0.158573708
0.14601803
0.147258226
0.152046556
0.164977901
0.175372737
0.183119824
0.192786204
0.201169182
0.210031526
0.217661365
0.221969156
0.223898041
0.223255033
0.220953346
0.218026382
0.214435333
0.204050031
0.215024997
0.205901656
0.211818611
0.222986423
0.23283507
0.238678234
0.238260561
0.230175854
0.221655857
0.213877994
0.208861124
0.205138547
0.201007995
0.197070712
0.194078604
0.192612334
0.192963951
0.194421703
0.196432991
0.198562753
0.200576916
0.202521675
0.2043411
0.16053478
0.187874712
0.199500169
0.207617096
0.205668089
0.202986064
0.211717124
0.215715472
0.221950186
0.222720189
0.218227188
0.214110069
0.210080188
0.207364365
0.205831894
0.203510071
0.201363982
0.199494861
0.198282278
0.19822393
0.198799798
0.199728572
0.20078916
0.201761895
0.522564521
0.46502591
0.363551208
0.315513919
0.315753301
0.273415478
0.221544774
0.179736314
0.13388405
0.122535651
0.124453095
0.132920225
0.145988843
0.154867282
0.165673122
0.18007034
0.194672871
0.209756152
0.221316735
0.22831161
0.231782971
0.2319118
0.230090857
0.226798147
0.579981255
0.472198158
0.327353273
0.306549681
0.329586802
0.267100988
0.213396026
0.152003444
0.105208066
0.105363618
0.114622031
0.130583876
0.146047393
0.153747731
0.166648276
0.182948054
0.200340374
0.217731098
0.22915989
0.235110673
0.236926744
0.235381697
0.232477216
0.228063033
0.343128974
0.3051757
0.25918239
0.262487371
0.260862971
0.246691195
0.233359606
0.204524406
0.182753951
0.172233532
0.168573868
0.172490144
0.175735637
0.177948456
0.182042749
0.187125332
0.194175625
0.201663756
0.207674709
0.212071737
0.214492173
0.215468678
0.215606807
0.214866747