0.406538476
0.427656623
0.697604683
0.803986664
0.686752754
0.675704419
0.205298245
0.078373802
0.285181029
-0.010583649
0.058295527
0.287289093
0.221272176
0.078658794
-0.036847623
0.198157324
0.2036559
-0.141345937
-0.024356234
0.098066094
-0.447982441
-0.642861956
0.086222021
-0.52846324
0.190711953
-0.029315405
0.001136776
0.288068949
0.35655287
-0.006673023
0.296997728
0.369515076
0.151680719
0.447525617
0.470744983
0.637738411
0.806637776
0.180017025
0.277107632
0.527610679
0.409773861
0.740907791
0.767954258
0.130991518
0.099588814
0.050305029
0.354418106
0.336000309
0.368416329
0.263026923
0.065061671
0.080493192
0.12205998
0.126257803
0.182022281
0.295913794
0.365906691
0.60792633
0.869026613
0.814863826
0.520183474
0.230532642
0.092473693
0.494935338
-0.331291591
-0.117840574
0.393443666
-0.388054957
0.108353711
0.075959394
-0.313094058
0.621046425
0.84272043
0.809055929
0.861405556
0.512090472
0.624593924
-0.355099736
0.293867275
-0.136018921
-0.526716847
-0.273914204
-0.395038943
-0.577333856
-0.123943354
-0.42145867
-0.084231749
0.410192955
0.351640152
0.443823002
0.489269936
0.458711584
0.297708082
0.153673286
0.157496521
-0.084921382
0.245994413
0.187565339
0.089942489
0.129127915
0.248665909
0.19579839
0.294254325
0.277954505
0.293301735
0.17691306
0.1619004
0.190969794
0.201505019
0.148571597
0.101028312
0.161134446
0.23072
0.207800245
0.231756212
0.210218604
0.154871792
0.11977785
0.166388367
0.183161382
0.780885831
0.616417484
0.589002716
0.264814718
0.028245052
0.201125554
-0.124399305
-0.129113813
0.259676516
-0.259821669
-0.579540223
-0.329245492
-0.393399319
-0.001725304
0.224405925
0.171688043
0.217749836
-0.468045204
0.083853856
0.270961533
-0.099295026
-0.135338324
-0.222224729
-0.186649012
0.405272278
0.418088832
0.283399961
0.096930664
0.087439353
0.074019617
0.069065824
0.19817126
0.33340981
0.404443367
0.524852056
0.790351517
0.811203007
0.672974156
0.68271516
0.117166019
0.306602454
0.553423404
0.520011567
0.723904569
0.47205244
-0.114602053
0.078681933
-0.412796282
0.600370518
0.206476132
-0.362619675
-0.064129203
-0.46327444
-0.650445632
-0.56813219
-0.781954153
-0.540912434
-0.386868594
-0.040189493
0.262374217
0.305540011
0.175073245
-0.256318457
-0.184586543
-0.182742416
-0.560159677
-0.754177294
-0.42451817
-0.830753185
-0.294146008
0.017889866
-0.342618941
0.670087746
0.676836142
0.259818998
-0.121551074
-0.151869306
-0.23783041
0.005424866
0.232694874
-0.067485072
0.026341666
-0.075252356
-0.364479809
0.086556671
0.254650336
0.153187376
0.230177699
0.237523365
0.301823413
0.216511897
0.158435899
0.125412646
0.184648635
0.180241059
0.138259204
0.060843814
0.102271436
0.138348629
0.164398941
0.214482393
0.286751916
0.340409959
0.380499971
0.371872558
0.366633713
0.31192472
0.177261496
0.012015508
0.049200579
0.153264789
0.149021089
0.152571263
0.257067476
0.289158412
0.33277334
0.306187812
0.263423238
0.185299114
0.186103325