0.58116498
0.412834255
0.383945601
0.316637421
0.2811691
0.257531802
0.142980901
0.13537449
0.132475767
0.091389324
0.108875205
0.109801267
0.12145455
0.143101852
0.13422348
0.186681725
0.196916268
0.24485607
0.362787258
0.410193414
0.449376677
0.503495432
0.529128088
0.564607534
0.7129826
0.417490016
0.310837937
0.13810815
0.151074594
0.094897162
0.094705169
0.124722801
0.112992625
0.065377829
0.069975788
0.079230956
0.292059458
0.407448727
0.538448456
0.597605773
0.579186237
0.585998828
0.570452836
0.479666801
0.496602667
0.496257163
0.5715878
0.565202373
0.190207337
0.223016158
0.202595838
0.184958216
0.183151579
0.233069617
0.276438454
0.303820152
0.320183536
0.313190279
0.256834812
0.244501542
0.334412623
0.356895585
0.262201184
0.190455551
0.154806189
0.138593463
0.137980518
0.123952972
0.119555259
0.120147445
0.109841569
0.112088765
0.085331886
0.073039577
0.129496375
0.138185229
0.121313422
0.179633015
0.17708822
0.212395937
0.28022192
0.298838242
0.362008288
0.383083161
0.411985309
0.499664693
0.467527475
0.433163708
0.343797303
0.213671745
0.193078151
0.159191735
0.139074326
0.135215896
0.10147839
0.100150348
0.138848109
0.148868083
0.106457766
0.129968419
0.158266959
0.17731315
0.254609313
0.290277099
0.317078822
0.299438191
0.262602246
0.365596948
0.442510712
0.427219994
0.364773004
0.246644305
0.202189515
0.179752465
0.150408655
0.161374634
0.128598054
0.104163782
0.108583077
0.09711796
0.096375417
0.108060142
0.149944607
0.128926274
0.149558449
0.181292589
0.181605465
0.232901212
0.287244428
0.333302902
0.343364848
0.301518375
0.348401015
0.365786041
0.297157573
0.252174644
0.18913322
0.152414351
0.14587768
0.121317404
0.117697756
0.111629586
0.10026031
0.109263094
0.185601145
0.16408229
0.143809503
0.165287669
0.107370906
0.143067493
0.084000896
0.081347571
0.159015591
0.150599071
0.164730155
0.165352951
0.145830276
0.212563279
0.210938165
0.211130274
0.24923185
0.181121246
0.223860027
0.27007567
0.242964974
0.238279958
0.157764549
0.129702983
0.140593108
0.18268154
0.213835383
0.261486118
0.281725666
0.311597552
0.357523248
0.320669594
0.333571587
0.382423736
0.422446331
0.330024956
0.190492251
0.145923754
0.142767308
0.133052181
0.122483858
0.105758577
0.103870832
0.109803057
0.100340247
0.117374429
0.135376807
0.157601696
0.058391871
0.185406704
0.319839309
0.444112246
0.483292433
0.46477395
0.528294848
0.612366855
0.609932437
0.596310583
0.564316337
0.530451964
0.52096848
0.405837206
0.255435375
0.170607753
0.127905844
0.10816332
0.096642441
0.100550527
0.116453138
0.119237127
0.123181342
0.13638674
0.348109409
0.388832376
0.495651028
0.501274027
0.341701788
0.350785798
0.396701267
0.423489871
0.32108515
0.168025073
0.177965716
0.159390274
0.135249302
0.161394148
0.123505149
0.142442532
0.186708887
0.201598249
0.194083731
0.147453232
0.218905382
0.374200194
0.393353862
0.398695909