0.296546963
0.242486501
0.189506743
0.231087022
0.243656065
0.223504425
0.195990003
0.208564864
0.219177012
0.215828186
0.205417847
0.209956283
0.215770082
0.215179636
0.210537272
0.21136415
0.213811324
0.213786323
0.211799851
0.211781003
0.212865591
0.213061421
0.2123003
0.212175658
0.26061833
0.264767691
0.252002173
0.213204701
0.201797496
0.207522311
0.213805631
0.207600688
0.206078583
0.21126718
0.215567372
0.213501035
0.211676512
0.212801031
0.214064532
0.213016037
0.211878099
0.212179625
0.212853186
0.212651483
0.212230081
0.212352194
0.21268435
0.212659668
0.167478051
0.184270523
0.238285045
0.198102343
0.213147962
0.222141616
0.232494814
0.21204677
0.20963493
0.21253943
0.216741423
0.210766708
0.209401709
0.211645215
0.214194779
0.212547694
0.211620933
0.212399649
0.213405402
0.212785875
0.212170982
0.21237075
0.21280712
0.212640503
0.236825531
0.27021303
0.232448442
0.196692822
0.208131969
0.223675651
0.217417582
0.203191356
0.207711742
0.216252384
0.215840247
0.20988972
0.210711758
0.214244925
0.21438007
0.21173189
0.211515207
0.212966865
0.213275871
0.212257007
0.21201964
0.21262759
0.212872461
0.212492131
0.300759357
0.27875977
0.287634656
0.255395887
0.235531245
0.212693197
0.210482963
0.208257985
0.208152472
0.206132002
0.209424598
0.212121738
0.213373896
0.212639382
0.213066732
0.213444056
0.213267911
0.212519771
0.212374273
0.212529646
0.212569534
0.212389004
0.212392603
0.212528209
0.213478704
0.214570664
0.207584458
0.212846158
0.234347293
0.226913516
0.212835761
0.208974369
0.215194535
0.214637485
0.209992293
0.209109782
0.212647562
0.213782894
0.212247218
0.21163283
0.212858376
0.213358755
0.21262206
0.212138307
0.212525408
0.212801855
0.212554982
0.212335539
0.163372102
0.197469594
0.221333379
0.21671268
0.231943278
0.232260217
0.224655684
0.21232407
0.211949095
0.212708819
0.211834798
0.209207955
0.210520217
0.212536283
0.213097268
0.21223565
0.212421448
0.21302041
0.213048301
0.212497883
0.212369102
0.21258069
0.212645215
0.212467231
0.238856076
0.22064918
0.204944715
0.212082165
0.231866844
0.222282693
0.208572934
0.208254274
0.21583273
0.214743125
0.209705192
0.209730212
0.213475685
0.214008839
0.211992338
0.21160689
0.212986374
0.21332634
0.212438035
0.212080406
0.212589584
0.212830108
0.212512238
0.212324709
0.174558794
0.194767187
0.232192427
0.223628571
0.23542563
0.228155717
0.224214673
0.212629176
0.211754761
0.210684457
0.211287834
0.209708599
0.210971283
0.212181866
0.213034134
0.212559882
0.212661565
0.212867713
0.212927064
0.212563094
0.21244361
0.212513695
0.212578939
0.212489918
0.232473547
0.223517124
0.205064651
0.217447925
0.239333843
0.22733876
0.208574114
0.207956969
0.216101474
0.215003975
0.208672237
0.208908182
0.213413618
0.214298498
0.211884275
0.211480792
0.213111933
0.213545727
0.212445095
0.21200147
0.212592326
0.21288699
0.212501029
0.21227603