0.038368882
0.18626632
0.129802707
0.098199517
0.117989481
-0.004635936
0.192541975
0.207857967
0.212010927
0.272783296
0.279647651
0.270786322
0.238910986
0.180034094
0.172732843
0.097978511
0.239351437
0.136323463
0.233607947
0.261055313
0.20295109
0.22316837
0.191743543
0.120075226
0.422686522
0.215615711
0.381086615
0.462508658
0.360553716
0.237102196
0.120699277
0.128703125
0.139714828
0.052416503
0.164185693
0.24356151
0.171279925
0.263580827
0.271123219
0.197041508
0.288835251
0.267364865
0.324702234
0.341509996
0.323177293
0.339635391
0.407587817
0.297573972
0.050332657
0.122866064
0.208078491
0.088439445
0.207670956
-0.018293768
-0.108330472
-0.204689263
-0.190367977
0.032205916
0.185636136
0.159660124
0.255815958
0.26064236
0.296940025
0.150522506
0.146339095
-0.013609609
-0.026200009
0.252314007
0.216766388
0.218922612
0.300552907
0.117313823
0.302341827
0.232654924
0.09803821
-0.079143079
-0.050352247
0.089324204
0.237118427
0.246334712
0.222053717
0.164340763
0.08504773
0.019090246
0.064178985
0.113598795
0.203700275
0.282567172
0.305544256
0.224060356
0.148537951
0.128022793
0.185187176
0.213149018
0.283789764
0.35004767
0.236406146
0.156638446
0.249476394
0.25451914
0.21960441
0.300268338
0.29012034
0.208170431
0.175613941
0.111583874
0.121063138
0.127266081
0.162766591
0.173565325
0.16730239
0.164935853
0.175716908
0.179402311
0.204217515
0.238213454
0.280235029
0.279142327
0.317258112
0.282083376
0.397773336
0.336104321
0.481614344
0.481514361
0.634635627
0.567858005
0.390335311
0.272436294
0.148655914
0.120097098
0.144222232
0.114572276
0.142048769
0.107573118
0.137141838
0.138133081
0.170291219
0.214678141
0.28960353
0.369519751
0.36589659
0.400220851
0.460628025
0.397333613
0.212846562
0.22622855
0.23998823
0.163277809
0.110558952
0.070096502
0.067947801
0.073066774
0.126401219
0.103146091
0.153741086
0.120936077
0.125902823
0.143294991
0.169000623
0.188691565
0.229673342
0.240586939
0.300545146
0.267458884
0.300942482
0.288648032
0.268142676
0.26477581
0.390005593
0.314302011
0.27024524
0.510590282
0.538039023
0.453257532
0.31642803
0.406588126
0.247838137
0.18598239
0.114742245
0.175151909
0.17218196
0.161203146
0.117833263
0.167284585
0.147762954
0.214156828
0.211367082
0.270819805
0.282392086
0.33239493
0.396222815
0.432021666
0.41463477
0.348178207
0.504488575
0.536691125
0.355238041
0.235658109
0.166433379
0.153773753
0.084628695
0.095320047
0.124100216
0.136457901
0.135394253
0.119313536
0.114778855
0.158345872
0.220551387
0.282403336
0.262787206
0.31606211
0.30009932
0.277064749
0.353837849
0.3499583
0.346343434
0.335262766
0.299209069
0.331084525
0.25746034
0.182863282
0.149767247
0.153529106
0.140082925
0.133542271
0.114929953
0.14534117
0.142183089
0.165153038
0.171758208
0.183819334
0.221045864
0.253040535
0.266310192
0.300071985
0.280472446
0.308193079
0.302472124
0.305531189