0.028654938
0.026813714
0.025537675
0.021228572
0.021361157
0.017979359
0.018126226
0.017888672
0.020391851
0.024040485
0.018410016
0.014094556
0.022735054
0.018820224
0.016886301
0.025623928
0.025304161
0.028552595
0.023004493
0.01606598
0.024182359
0.025649533
0.024127416
0.03181598
0.024838172
0.028164155
0.038922878
0.038536584
0.038592282
0.032050026
0.027821259
0.024912754
0.028921228
0.026829351
0.024806985
0.023587059
0.015464532
0.019648805
0.023614034
0.015761167
0.017217216
0.020616052
0.017014541
0.019246593
0.022717223
0.02352281
0.03238263
0.027382376
0.027191357
0.030457265
0.031079284
0.032840036
0.032284193
0.027872785
0.023861748
0.021375038
0.022900475
0.020372924
0.022875077
0.021267417
0.02081629
0.022036839
0.014559978
0.016869219
0.019572679
0.01909711
0.018854645
0.022456017
0.024774632
0.024651917
0.024993725
0.025228302
0.029573278
0.026657045
0.028396221
0.025650848
0.023841145
0.022835111
0.019063788
0.024606127
0.022343326
0.019594947
0.019536196
0.020422003
0.022910571
0.021367142
0.019179136
0.023745424
0.025073348
0.023854522
0.02244341
0.02158557
0.021688401
0.024075896
0.027395737
0.029631227
0.030400447
0.026888389
0.032616892
0.034773524
0.036080427
0.033402426
0.026338532
0.024488635
0.027617474
0.02766062
0.02599461
0.019980874
0.013653545
0.021892528
0.021060904
0.017841425
0.01836455
0.016743328
0.01731871
0.019734052
0.019288739
0.027538212
0.027978666
0.023935905
0.028809804
0.028924559
0.027211623
0.029947356
0.025281377
0.027417771
0.021822353
0.02332642
0.024288366
0.022762817
0.021140649
0.02459681
0.017055287
0.018959756
0.023333612
0.024418928
0.022679645
0.018324007
0.019205757
0.02388249
0.022969958
0.022428809
0.027196683
0.021526572
0.021338322
0.031659657
0.033260304
0.029919218
0.029854301
0.025397804
0.020367688
0.019449231
0.017890575
0.021078752
0.021675838
0.020463893
0.024726731
0.016773838
0.013960476
0.01647898
0.020307836
0.023258212
0.026307768
0.028205777
0.030074213
0.023268694
0.024603977
0.025580272
0.025373046
0.026610351
0.032670039
0.028443706
0.031953562
0.032371902
0.028739976
0.025387881
0.024093238
0.023698721
0.024926919
0.026782634
0.025176493
0.021311142
0.018253001
0.018252406
0.022222906
0.021323485
0.020377131
0.023450815
0.024199519
0.023152108
0.021814138
0.028306242
0.040493214
0.035620681
0.03227479
0.031133771
0.034795445
0.027210077
0.025736002
0.020852063
0.016825929
0.017496777
0.018241219
0.016867291
0.018546798
0.015345613
0.019824975
0.024728623
0.022498374
0.024398085
0.021479861
0.023018881
0.030411976
0.031034738
0.026604288
0.028999022
0.024137773
0.030276955
0.038410515
0.038275074
0.036489919
0.025226117
0.021875834
0.01762554
0.026881954
0.023031041
0.026180497
0.024207251
0.02438403
0.023993928
0.019370322
0.012774864
0.018240607
0.02260565
0.021527171
0.030723279
0.026638344
0.031648988
0.038563477
0.036176504