0.403855178
0.356233204
0.253717163
0.352127906
0.138574224
0.081739099
0.168582246
0.204055705
0.163957767
-0.017399493
0.439410891
0.384307144
0.354636568
0.058831058
0.302443537
0.368332205
0.463743558
0.365338253
0.150332198
0.216865772
0.305082235
0.393082289
-0.073504937
0.286505399
0.524859398
0.406666667
0.591638603
0.822741085
0.899442386
0.912626051
0.921579211
0.772749153
0.536925259
0.53178586
0.444451538
0.39332072
0.359016578
0.544714046
0.615570916
0.661184048
0.769681703
0.783852619
0.690061296
0.591276121
0.622316105
0.423173049
0.176039804
0.110636078
-0.127208462
-0.367772347
-0.21720205
-0.148209401
-0.164867298
-0.073349026
0.013889737
0.263724673
0.312944566
0.412137014
0.399286123
0.231275253
0.320998979
-0.028119764
-0.320652533
-0.384532574
-0.125593974
-0.200807203
-0.273067046
-0.032961014
0.400475604
0.374864383
0.553010412
0.918165479
0.411258373
0.389278817
0.430621935
0.432360925
0.417980946
0.522606901
0.582525416
0.534071448
0.527469078
0.576544595
0.601370145
0.655827654
0.772786353
0.826546774
0.775472051
0.794999146
0.708417025
0.604743288
0.604853732
0.647361767
0.60683816
0.622245853
0.64440427
0.653425892
0.309749719
0.243917921
0.254050469
0.328015928
0.267908816
0.213019433
0.207607248
0.262269339
0.332013345
0.451553305
0.659848408
0.839580163
0.945112433
0.967888335
0.947140809
0.863225696
0.787292611
0.650539237
0.573009169
0.541646686
0.529356393
0.539932986
0.599832801
0.73269308
0.290495947
0.2661586
0.320522887
0.398955109
0.423025616
0.408590215
0.444723255
0.589766084
0.654795663
0.79904484
0.904718736
0.935402849
0.94406264
0.944898716
0.907364781
0.751010178
0.68844271
0.699686346
0.679231662
0.698109897
0.744047159
0.772515596
0.7652755
0.772673495
0.364600255
0.354760581
0.43070908
0.415550847
0.427332508
0.528082504
0.789843695
0.939285554
0.963386384
0.974460771
0.970140818
0.952205505
0.858551668
0.780597429
0.66691518
0.609153523
0.613111318
0.645921796
0.682427859
0.683635315
0.708770338
0.701564313
0.686361297
0.666522168
0.37226803
0.155476362
0.008599209
-0.27276937
-0.102289022
-0.244310389
-0.184802053
-0.212045976
-0.127716195
0.124542393
0.130215516
0.260898781
0.158208075
0.243779243
0.058484383
-0.035226225
-0.415133925
-0.446217767
-0.512731798
-0.386541394
-0.327318697
-0.067409567
0.121051146
0.179141583
0.428637016
0.488381598
0.418338988
0.356877563
0.436508551
0.283933022
0.264857843
0.120487617
0.036588228
0.06289563
0.137882793
0.332851084
0.429390401
0.646623862
0.845383373
0.78730226
0.687832566
0.675160737
0.584859885
0.471666241
0.402279664
0.427002292
0.387821507
0.380256154
0.189184455
0.271474865
0.188454143
0.24274287
0.317674781
0.274555385
0.290241416
0.296554068
0.48672119
0.496069237
0.627761525
0.721974668
0.900720166
0.879651166
0.903178383
0.826041122
0.75124264
0.635174473
0.627632303
0.660933246
0.638042596
0.633484512
0.656384114
0.680032224