0.087040173
0.120324286
0.240726485
-0.002891318
0.555183867
0.142459753
-0.265772948
-0.174503152
0.232428867
0.263270103
0.283081208
0.408382047
0.276624737
-0.189098384
0.028109067
0.379532993
0.225610703
0.412589833
0.040567069
0.063870625
0.106894691
0.136966705
0.119678666
0.182183104
0.474330259
0.172780173
-0.142875407
-0.483075715
-0.54429478
-0.288951061
0.10158908
0.240371723
0.127618302
-0.155010573
-0.34087689
0.136162855
0.315135894
0.681134569
0.878991783
0.799289129
-0.588338294
-0.805474285
-0.041103257
-0.104118419
0.704976837
0.583491867
-0.319131875
-0.209917637
0.300200261
0.031215418
-0.326842868
0.004655453
-0.028875935
-0.081576546
-0.438168271
-0.494223006
-0.367645749
-0.088479526
0.205227614
0.20809031
0.310946638
0.230874315
0.112310717
0.208370416
0.380938835
-0.230262057
-0.237488359
-0.221145031
-0.351516566
-0.022866514
-0.120059476
-0.041504855
0.151936633
0.212980293
0.37187801
0.268268128
0.210900231
0.086882195
0.260760874
0.320646273
0.246068247
0.331150298
0.279282935
0.303470408
0.353709008
0.329067977
0.209270171
-0.147692183
-0.08563268
0.11886191
0.211550669
0.196696648
0.140143943
0.235972021
0.322914337
0.329807741
0.161977972
0.044464175
-0.115901823
0.163834217
0.248411142
0.168761562
0.318387366
0.177473182
-0.032980609
-0.025855877
0.24886752
0.468744219
0.588507376
0.281877254
-0.131147717
0.02901353
0.16277969
0.15917712
0.204523774
0.308597512
0.164391296
0.082704377
0.02782686
0.086250963
0.06859965
0.257322925
0.456638457
0.29675737
0.295819457
0.223213991
0.35263868
0.18162894
0.163819898
0.326955962
0.355810052
0.326350366
0.283159575
0.259536209
0.336831047
0.370305465
0.270716845
0.319621872
0.293068428
0.349639954
0.122884002
-0.102554677
0.25729932
0.277730485
0.362548858
0.408129509
0.414926918
0.455064898
0.315734796
0.354371138
0.29317874
0.173391475
0.111542185
0.082237507
0.246500581
0.30150672
0.133343147
-0.016656311
0.164626876
0.246925764
0.285635585
0.264468286
0.292264241
0.179328072
0.132231658
0.233061014
0.228253838
0.413255064
0.331265951
0.225676689
0.30199893
0.188214229
0.133106345
0.151716533
0.117360509
0.238190908
0.289937001
0.341040214
0.353780568
0.248851056
0.232534317
0.133071627
0.392793386
0.515644533
0.272983805
-0.085848354
0.173019514
0.277077481
0.30789725
0.329665779
0.307638758
0.323517628
-0.275820734
-0.426076695
0.136912296
0.371135176
0.29687127
0.434820392
0.009640023
-0.501613472
-0.521973028
0.027997042
0.446433857
0.587614489
0.132383852
-0.093387024
-0.169115626
-0.216266873
0.147672016
0.191739386
0.523030054
0.014023915
-0.294605516
-0.17408363
0.065921947
-0.018307209
-0.080877205
0.286704813
0.409013972
0.70844372
0.745196494
0.485666488
-0.124413454
-0.51435915
-0.186783609
0.361567381
0.365113342
0.292825959
0.031838775
-0.053101691
-0.080148682
-0.006735652
0.267751927
0.249582733
0.238533675
0.250818498
-0.660295471
-0.588659641
0.112276599
0.204723027