0.208967963
0.063658915
0.153059555
0.093766133
0.050426948
0.105811437
0.060305804
0.086341647
0.15048575
0.151170014
-0.004174353
0.100603144
0.037899885
0.147772855
-0.014283022
0.083191363
0.016424702
-0.116945412
-0.079993468
0.008093533
-0.024463336
0.070017922
-0.20436209
-0.161176757
0.043624823
-0.036574985
-0.011426361
-0.001433021
-0.063362347
-0.071010219
-0.008154677
-0.063911264
-0.129490828
0.050022511
-0.0584844
-0.12874799
-0.065743394
0.358955801
0.344417346
0.30901974
0.503258748
0.536013467
0.585595329
0.547800444
0.448513534
0.559984058
0.179461698
0.080961306
0.263129224
-0.181694629
0.044599091
-0.167323623
-0.090947979
-0.132074219
0.055702139
-0.159213645
-0.118855824
0.070919203
-0.219503171
-0.115523387
0.188020545
0.090723414
0.298840216
0.27979471
0.454788903
0.258420247
0.503217342
0.366950512
0.162131846
0.229500689
-0.118444554
-0.009329862
0.477508564
0.240385047
0.224416337
0.111282311
0.095886607
0.109571221
-0.003999285
0.021399491
-0.054704676
-0.089589251
-0.078528794
0.031811207
-0.063451429
-0.132478611
-0.112375565
-0.093085305
-0.099103819
-0.056412908
0.306105072
0.31167649
0.295786373
0.365175713
0.578651097
0.596810463
0.527576273
0.531865642
0.508084058
0.188156948
0.139774218
0.011485657
0.136014029
0.156663887
0.092605275
0.03722493
0.020012159
0.067197089
0.055241329
0.106209268
0.055281144
-0.002899807
0.047276852
0.134005337
0.124669615
0.041009428
0.132137026
0.432455096
0.467018391
0.507482633
0.406726267
0.256126593
0.223243969
0.199050921
0.014341973
0.060125341
0.027669301
0.049859624
0.020168904
-0.01272893
-0.035161447
-0.00179095
0.022586207
-0.033433903
-0.04051449
-0.022809671
-0.030814248
-0.020162961
-0.023563251
0.193328424
0.32481483
0.371246465
0.471825245
0.546147994
0.289571696
0.223461233
0.186703705
0.151136887
0.012532803
0.11604291
0.062072496
0.015906194
0.038932869
-0.031288014
-0.052030317
0.009369858
0.07894742
-0.009795847
-0.091418478
-0.034856789
-0.002345416
0.032776625
0.006215511
0.177089228
0.315417079
0.188979639
0.283724059
0.485127512
0.237236917
0.210614452
0.229014203
0.191730416
0.182632576
0.057419335
0.026685235
0.0962579
0.108536397
0.002446123
0.065950093
0.065218293
-0.03645909
0.074536049
0.140911171
0.022294965
-0.022663551
0.074513483
0.077661598
0.062835946
0.081282101
0.253982338
0.306012826
0.14697404
0.53712004
0.51090506
0.322223094
0.212663018
0.136097875
0.015948498
0.052249161
0.11516671
0.031081584
-0.031269756
0.020293467
-0.046937948
-0.053589092
0.004428828
0.007030276
-0.074452358
-0.046756481
-0.059741353
-0.067680107
-0.055203048
0.236200543
0.369002073
0.355667688
0.407080591
0.439819174
0.465558822
0.244956288
0.195892385
-0.110917877
0.073254608
0.102070497
0.079749695
-0.008222434
-0.010860222
-0.045949004
-0.08476777
0.036910607
0.014970172
-0.131858188
-0.103761671
-0.032653468
-0.01462045
-0.067831822
0.006663944
0.307814007
0.376490107
0.452989061
0.480705515