3.4035217337766284
3.444084271419879
3.461884569703867
3.3628053666723594
3.4534518127302074
3.432003934167004
3.4872315776878056
3.497005318533063
2.5348583877995643
2.6430269303319482
2.75273194872304
2.9348734214691783
3.049953699394049
3.1239361988354895
3.1583467295869694
3.24055560617001
2.9026548672566372
3.1664663461538463
3.2738024837374335
3.307142857142857
3.2774358974358972
3.2576788670222547
3.3087832987984998
3.336692117832548
2.226779252110977
2.3762668952695063
2.6074339745679818
2.747989708408266
2.894668129014134
2.9961714212486124
3.066453063945345
3.1420501791466426
4.367885028855946
4.32877090929831
4.280755041889352
4.142440927733647
4.111979173789049
4.029639973858597
4.000027304830349
3.9696896072932506
4.540827008636483
4.391335863326034
4.345174158020603
4.212387168618305
4.2748329189623355
4.254209093438153
4.185896545227182
4.106099576985916
4.117811916130371
4.079070861461645
4.023539317792325
3.9623323097037213
3.926101839860272
3.8547060705407388
3.8261234165964253
3.7842633309469202
4.676583493282149
4.521791767554479
4.375492125984252
4.296713701422431
4.357392863056091
4.233414346656539
4.236088855303921
4.177872720752766
4.438708466303735
4.386442318620709
4.315015858509925
4.080879501963804
4.041424180128598
4.018589979765898
3.9931916935896243
3.961256863879166
3.725155827355051
3.8570274394197614
3.7488379601417416
3.772330493928587
3.757972054960035
3.7296881331720075
3.69388384330753
3.675279397012259