3.036307961504812
2.2284108329075116
1.9606683255794894
2.1049610684551046
2.035643574513405
2.2861296391311785
2.3847177565792954
2.304736842105263
1.5595158036314727
1.9321486268174475
2.3559322033898304
2.5280880686417353
2.6665810185838326
2.070953436807095
2.0100614868641697
2.2071234952791468
2.8030127462340673
2.6441869066699546
2.534871192253075
2.4319625543296555
2.4280034032871494
2.544548991217643
2.4341624645934
2.3140278638929246
2.2134103228847515
2.0344453064391
1.8606152414565817
1.8842701760199791
1.9150332830139158
2.2014652205296907
2.201182932400516
2.148885203611572
1.1222776174232485
1.507556299874975
1.701862008681415
2.071311687193179
2.6
1.9335627508268276
1.7350614008859702
2.0415223581586277
1.896744930629669
2.036097745066338
2.082801679403716
1.974131951945239
2.006806005702471
2.0197609550602333
2.0197609550602333
2.1316940268033653
1.6141404805914972
1.7851261620185923
1.7996913451487824
1.7945616298457392
1.9216096738056705
1.9752279421360461
2.1110541609145583
2.001675012053621
1.6023294509151413
1.5220224251561913
1.6675762305316073
1.8018775229403114
2.066635785282622
1.8744854736455698
1.9113904798884973
1.8427369089630827
2.1005737428282147
2.1634987567067525
2.3297046726484343
2.5080638464667975
2.0656805762984334
2.123136227944776
2.1308642496201227
2.1191489918697433
3.370332996972755
3.1126726735793855
2.4293854650653106
2.2039186129346766
2.003832820481482
2.2387227147761366
2.3611707940870756
2.508374545736357