0.7857142857142857
1.4445054945054945
1.9361437413161553
2.25
2.518867924528302
2.4572218607677296
2.3366816719126415
2.3632944159532445
2.017543859649123
2.561797752808989
2.9545454545454546
3.0542168674698793
2.967980618124673
2.8163736180419616
3.1020566474451425
3.1743751567661
1.1666666666666667
1.5
2.125
2.0892857142857144
2.154055690072639
2.0609756097560976
2.688888888888889
2.857142857142857
1.7777777777777777
2.42080378250591
3.3109821620459923
2.661290322580645
3.0
2.902011868577218
3.176470588235294
2.345767575322812
0.8421052631578947
1.8046558704453441
2.3260869565217392
2.3666666666666667
2.475609756097561
2.375
1.875
2.1
2.0
2.1538461538461537
2.355509355509356
2.4
2.3076923076923075
2.1872909698996654
2.4749163879598663
3.0
1.8484848484848484
2.1928374655647382
2.046875
1.8402217741935485
3.2857142857142856
2.9642857142857144
3.0
2.6812393887945674
2.9545454545454546
2.3529411764705883
2.493606138107417
2.6497868712702473
2.35
2.2142857142857144
2.4210526315789473
2.8461538461538463
2.642857142857143
2.473684210526316
2.7142857142857144
2.736842105263158
2.8626373626373627
3.185185185185185
2.588235294117647
1.8716577540106953
1.9767441860465116
2.391304347826087
2.3636363636363638
2.3676470588235294
2.1186440677966103
2.1559322033898303
2.161290322580645
2.389698231009365