1.0212765957446808
2.0
1.4
2.0
1.625
2.0
1.6666666666666667
2.375
0.6538461538461539
0.6666666666666666
0.6666666666666666
2.0
1.6666666666666667
1.0
1.2857142857142858
0.75
1.2173913043478262
1.4615384615384615
1.4615384615384615
2.0
1.8108108108108107
1.875
2.3333333333333335
1.6
1.2380952380952381
1.6666666666666667
1.75
2.6666666666666665
2.6666666666666665
2.0
2.3066666666666666
1.7142857142857142
1.0
0.8571428571428571
1.0
1.0555555555555556
1.1428571428571428
1.75
0.5
1.4285714285714286
0.775
1.0
1.2372881355932204
0.5
1.0
0.8709677419354839
1.4166666666666667
1.6782407407407407
1.0
0.8636363636363636
1.0
1.3384615384615384
0.3333333333333333
1.0
1.2564102564102564
1.0
0.7941176470588235
1.1
1.0
1.0
1.03125
1.5
1.4444444444444444
2.0
0.7352941176470589
0.4666666666666667
0.6
0.8419117647058824
0.4666666666666667
0.8888888888888888
0.7
0.5
0.5625
0.5714285714285714
1.1904761904761905
1.438095238095238
0.75
0.5714285714285714
0.6
0.0