0.41196911196911196
0.4090578838712482
0.40777776801622845
0.3556354219012429
0.3330276629750085
0.22322557407349045
0.3457448621674437
0.3144083802792964
0.41165123456790126
0.40865773948338036
0.4073994561129335
0.35519687340988665
0.3326367896339552
0.22289154373938863
0.3453564804759089
0.31402042181478484
0.33378964179785536
0.3232404574005476
0.36266471449487553
0.34576376969886097
0.33236166645919624
0.29688418504092684
0.215919564641802
0.2977322964601965
0.411113251155624
0.4079818320013613
0.4067606868514243
0.3546948409366362
0.3321499415499701
0.2225788032349916
0.34483322091487667
0.31356420165911864
0.24296371651407256
0.4071550255536627
0.5761316872427984
1.1395604395604395
1.0271794871794873
0.8684905744661843
0.8791738238643562
0.9786480460419079
0.35346378767431397
0.31882181582780383
0.328762995329215
0.2724738675958188
0.662751677852349
0.3449987211591258
0.3619476265251966
0.41054297328312256
1.0039370078740157
1.3171597633136094
1.436241610738255
1.4079320113314449
1.1708683473389356
1.0870772189472804
1.1359909505263157
1.1224406670103224
1.2297037322046942
1.2466814159292035
1.3447368421052632
1.4223790322580645
1.5218819521690767
1.5418924505411353
1.5418924505411353
1.5418924505411353
1.1718413771902858
1.2822362488728585
1.244280442804428
1.0557851239669422
1.1615076249712157
1.1656388810738687
1.144948368980099
1.2321119545532941
0.39946949602122017
0.8482688391038696
1.3546034639927074
1.1187892632781269
0.9090909090909091
0.8830018520009663
0.8862423760203405
1.0748420033000283