2.7058823529411766
2.0
2.1627906976744184
2.345679012345679
2.5180722891566263
2.6232508073196987
2.7879583341588137
2.781895488323769
2.9047619047619047
2.8684210526315788
2.548076923076923
2.323529411764706
1.9863013698630136
2.2111842105263158
2.324238468804114
2.4630467314211915
3.0
3.0
3.5
4.0
3.6487695749440716
3.70972424226494
3.298685993503598
3.3128985161057476
5.483660130718954
5.117647058823529
5.065217391304348
4.849514563106796
4.74384236453202
4.818181818181818
4.779576587795766
4.878875531497918
4.100671140939597
3.865771812080537
3.786324786324786
3.5737265415549597
3.5872235872235874
3.551692382628196
3.4285582473908085
3.0709583483337854
2.766446499339498
2.5339063992359123
2.5650877488308503
2.429236358659576
2.4655475222718817
2.319136373872633
2.392341948072257
2.392341948072257
1.1555555555555554
2.1
2.642857142857143
2.7916666666666665
2.4226190476190474
2.0602409638554215
2.069164265129683
2.16852146263911
3.3520686963309916
3.329639889196676
3.1980676328502415
3.0591133004926108
2.852589641434263
3.007288629737609
2.9831086368088844
2.985860679357063
2.416
2.566265060240964
2.7096774193548385
3.1884057971014492
2.890595009596929
2.7826383568541564
2.8693667542393935
2.772453955774825
3.6597938144329896
2.543859649122807
2.473684210526316
2.3263157894736843
2.5324675324675323
2.769016697588126
2.769016697588126
2.769016697588126