1.4197828709288298
1.4332036316472114
1.38866930171278
1.6560069144338807
1.8402206217428982
1.7822815107939858
1.8048150750158405
1.819920583452636
1.7659492697924672
1.6181520850367948
1.8552071234998064
1.9689642430472192
2.1428463290045463
2.000572140109236
1.9607069872431144
1.9246162597736676
2.6421248835041937
2.5413385826771653
2.557258791704238
2.6496604384847937
2.572987902663908
2.286602060622527
2.1523672173601613
2.005336344886337
3.2422907488986783
3.2972972972972974
3.397727272727273
3.519083969465649
3.1453674121405752
2.9073527342194385
2.841418393721245
2.8695091173921594
3.5074626865671643
3.239130434782609
3.1488095238095237
3.0233463035019454
3.457317073170732
3.130630630630631
2.9972594370875174
2.864923370108885
2.8849976336961665
2.7394789579158316
2.455460493205838
2.586082007112125
2.412146389394132
2.3722353210358507
2.323128697909359
2.1876932772946804
1.9399844115354639
1.5226666666666666
1.5333333333333334
1.7909686817188637
1.928529238038984
1.938847621304798
1.9449365607474618
1.9158660582249882
1.2538141470180306
1.3247085584304805
1.3584266403903538
1.3156029702515477
1.4093872020071958
1.3945953987587665
1.6307098346489661
1.7165564598714207
1.101495242410512
1.3102652825836216
1.3578266624411668
1.3156000452931158
1.4148780591797883
1.436290145987815
1.5532634063050255
1.68069232819605
1.3020134228187918
1.5681818181818181
2.2576687116564416
2.685
1.92153443766347
1.7070805043646944
1.7544642857142858
1.9169674801942242