1.048790404553771
1.4305801081687777
1.8035483225799287
1.8530600959214896
1.932533975129508
1.8855425088544848
1.8148312486759604
1.6896329752131969
1.42989417989418
1.4166081754396973
1.4591833316835903
1.6057966091506974
1.6304760219721113
1.6215251377791438
1.5860252363544696
1.5860252363544696
1.7202630953324352
1.8766513043085393
2.0597471304656314
1.8105913020718416
1.8423649862515292
1.7874303420606246
1.7554801209824973
1.755480120982497
2.1925875085792725
2.059671917522045
1.9467555997003878
2.1825485985587454
2.0623708083053955
2.0439492807339112
1.906362577860059
1.8969312140849945
1.6867313915857605
1.9608938113904886
2.0831245416031683
1.9466169189926097
1.8250496003498984
2.0295176080686876
1.9911552981112
2.1840772531257384
2.4303163169433133
2.3853197592199895
2.507244347908399
2.3480319932645757
2.455812062653873
2.2852549596160077
2.0729384406975275
2.061342851126317
2.267680258005068
2.283785032612096
2.3837900596025716
2.625076470536687
2.6062071840175998
2.283785032612096
2.3191757357315828
2.2809795585389003
1.2997780915876538
1.7649783817171094
2.1756333424135113
1.9565415244596132
1.901725730544212
2.0476802019661373
2.227911422482815
2.1265287514223354
1.3347820837860678
1.4944867887688946
1.723914644779901
1.7741150635689091
1.9567286028443844
1.849692350622192
1.6294317615396983
1.6009552342043294
1.4915358952180897
1.8623767026773133
1.9199697013847783
1.8426624362053572
1.7627355955860933
1.9870044532503437
1.8806266036277715
1.9347863301428738