0.5407704773129052
0.5423755757918066
0.5891587763878653
0.48925253690789844
0.4428031318977274
0.38515811251846555
0.34318010903812746
0.36230583753765877
0.6534011153685648
0.5308485722233749
0.4682656030103607
0.39719050866119876
0.5443590038482689
0.8168581429489046
1.0564194660804198
1.1710952859501538
0.46898951978726733
0.47216326214300536
0.5434187255908235
0.489074691489693
0.49442471274932986
0.38504848971520866
0.3374815297209434
0.3827795824758392
0.7673027627456566
0.7569812424843673
1.0092444816165422
1.1466007474290043
1.2463164074209832
1.0295324707538778
1.0948490318665145
1.1222685997635475
0.5963139120095124
0.7565059044340704
1.069733892063419
1.2032164231961333
1.2394004868462063
1.050843962618707
1.0779567229812854
1.107061799596817
1.1495592834802388
1.3344730233257462
1.1360592406406074
1.1525399835251433
1.141069881389561
1.134647229876096
1.282111591187795
1.357491766836594
0.5843760025665704
0.44361358124494743
0.39749419794698004
0.7461251755960238
0.813161599341223
0.9789071172724599
1.1131486462401103
1.035112619081849
0.41422284374614404
0.5046026242554119
0.5393724165042434
0.48924001826844316
0.48910954971351495
0.38528011981748755
0.3472881917866998
0.3475449581182665
0.40474870657797485
0.5355684231903745
0.7138370347728205
0.7975002339518413
0.9849323435607377
0.9022695987914992
0.9858713297291806
1.0014059582804207
0.5406130549838283
0.5422743403370026
0.5888987614853975
0.48914133941123605
0.44284414412317713
0.38532194952197857
0.343227830804266
0.36233604451712226