1.6745098039215687
1.7254901960784315
1.74373795761079
1.8263888888888888
1.8263888888888888
1.8263888888888888
1.8263888888888888
1.8263888888888888
1.5833333333333333
1.7058823529411764
1.9130434782608696
1.675
1.675
1.675
1.675
1.675
1.7466784765279009
1.68370607028754
1.7641509433962264
1.8125
1.8125
1.8125
1.8125
1.8125
2.036363636363636
1.8970588235294117
1.64
1.7301587301587302
1.8888888888888888
1.8372093023255813
1.8372093023255813
1.8372093023255813
1.8870614035087718
1.8175182481751824
1.7239583333333333
1.7239583333333333
1.8122096994535517
1.753375455373406
1.753375455373406
1.7607297358834242
1.6020408163265305
1.8214285714285714
1.7115384615384615
1.8
1.8
1.8
1.8
1.8
1.7276080084299263
1.6932153392330382
1.6753507014028055
1.901098901098901
1.8125
1.8125
1.8125
1.8125
1.7316939890710383
1.6431718061674008
1.667342799188641
1.7574123989218329
1.7574123989218329
1.7574123989218329
1.7574123989218329
1.7574123989218329
1.335149863760218
1.5203619909502262
1.4775510204081632
1.4775510204081632
1.4775510204081632
1.4775510204081632
1.4775510204081632
1.4775510204081632
1.798780487804878
1.7495361781076066
1.6806083650190113
1.6875
1.6875
1.6875
1.6875
1.6875