4.752631578947368
5.866666666666668
5.79090909090909
5.951999999999999
7.078723404255319
8.1
8.1
8.516666666666667
11.43157894736842
14.669999999999998
12.042857142857144
11.339473684210525
10.354054054054053
6.2250000000000005
6.2250000000000005
6.471428571428571
7.607142857142857
5.575
4.583333333333333
4.535135135135135
3.965909090909091
4.199999999999999
6.0
6.776470588235294
4.6
8.466666666666667
7.135714285714286
5.838095238095239
7.469607843137253
7.469607843137253
7.469607843137253
7.469607843137253
7.469607843137253
7.9
12.200000000000001
12.263636363636364
10.31884057971014
10.31884057971014
10.31884057971014
10.31884057971014
10.31884057971014
2.9
2.9
4.247826086956521
4.533663366336635
4.533663366336635
4.533663366336635
3.816831683168317
6.7
6.7
4.133333333333334
6.056521739130435
8.31904761904762
8.31904761904762
8.31904761904762
8.31904761904762
8.31904761904762
8.31904761904762
8.350000000000001
10.512500000000001
10.435714285714285
10.435714285714285
10.435714285714285
9.5
9.5
9.5
2.9
3.0
3.8199999999999994
3.8199999999999994
3.8199999999999994
4.624285714285713
6.966666666666668
2.9
5.7666666666666675
6.602941176470588
8.688888888888888
8.950000000000001
12.6375
12.302777777777772
12.399999999999999
13.616666666666665
12.944444444444445
11.508333333333335
10.582352941176469
5.75
6.318749999999998
7.216666666666666
9.475
9.733333333333334
6.1
4.858823529411764
4.259090909090909
4.151612903225806
4.4532710280373795
5.244
4.3999999999999995
4.247368421052631
4.3948717948717935
5.912711864406783
8.268595041322309
9.274418604651162
10.12051282051282
11.449999999999998
11.825301204819274
11.475816993464052
10.987261571295184
9.918840579710144
8.980681818181818
7.394318181818181
7.569230769230771
6.627884615384616
6.4611111111111095
6.041747572815533
5.1200371824003295
4.80027077273514
4.376190476190474
4.327472527472528
4.279365079365081
4.203660511823778
4.14135802469136
4.537387107465408
4.652067579447529
6.163809523809528
8.992929292929292
10.13984375
11.052808988764044
11.478378378378375
11.263636363636364
11.292595307917889
11.24581716670427
9.664390931648999
9.553448275862069
8.713793103448277
8.233898305084749
6.8999999999999995
6.199047619047619
5.870116144018586
5.441113480716088
4.967918316927276
4.081052631578947
4.170967741935482
4.181666666666666
4.222485380116959
4.422525597269623
4.181935005193649
5.2457121873244885
6.528997079634462
8.725735294117644
10.019277108433734
10.642647058823528
10.37716086434574
10.680094323443658
10.96878801316445
10.556735763693231
9.03821644820352
9.056000000000006
8.69090909090909
7.7207920792079205
5.70095111873392
5.313191722715579
5.9717270273018705
5.183471988641662
4.788967667756534
4.387421383647799
3.946403032652709
4.428749999999998
5.730622197309421
5.565476190476191
4.522222222222221
6.021153846153845
6.928431372549016
8.61136363636364
9.620731707317074
9.849640287769786
9.80310096750186
10.903125000000003
11.08888888888889
10.919565217391305
10.064179104477608
9.049206349206349
8.991836734693878
8.125000000000002
7.1765624999999975
6.786603009259257
5.8586666666666645
5.408
4.293617021276596
4.245098039215685
4.068063725490196
4.08978102189781
4.338807785888078
5.875555555555557
5.6090909090909085
5.457142857142856
6.548044692737431
8.40173913043478
9.896610671936756
10.717123287671233
10.572021194107009
11.60769230769231
11.183636363636362
11.276528925619834
10.634545454545455
9.222535211267605
9.35446779034865
8.578903433209595
8.60470798508446
7.990909090909091
6.765957446808512
7.235755059678255
5.576811594202902
4.72948717948718
4.26840254141139
4.2176022363411745
4.79613739632668
6.418181818181818
6.133333333333333
4.811111111111111
4.89
7.0694444444444455
9.512820512820513
10.544444444444444
10.9
10.071428571428571
11.1
11.1
13.492307692307692
11.97826086956522
10.038095238095238
9.758823529411767
5.6
6.36
13.5
13.5
13.266666666666667
7.771428571428571
4.987999999999999
5.010638297872341
3.5250000000000004