23.5
23.5
23.5
23.5
23.5
23.5
23.5
23.5
23.5
23.5
23.5
23.5
23.5
23.5
23.5
23.5
23.5
23.5
23.5
23.5
23.5
23.5
23.5
23.5
8.2
8.2
8.2
8.2
8.2
8.2
8.2
8.2
8.2
8.2
8.2
8.2
8.2
8.2
8.2
8.2
8.2
8.2
8.2
8.2
8.2
8.2
8.2
8.2
25.3
25.3
25.3
25.3
25.3
25.3
25.3
25.3
25.3
25.3
25.3
25.3
25.3
25.3
25.3
25.3
25.3
25.3
25.3
25.3
25.3
25.3
25.3
25.3
22.25
22.25
22.25
22.25
22.25
22.25
22.25
22.25
22.25
22.25
22.25
22.25
22.25
22.25
22.25
22.25
22.25
22.25
22.25
22.25
22.25
22.25
22.25
22.25
14.6
14.6
12.05
12.05
12.05
12.05
13.5
13.5
10.5
9.0
7.55
7.60625
7.925624999999999
7.233333333333334
6.9
7.328571428571428
8.100000000000001
8.833333333333334
9.346666666666668
14.5
14.5
14.5
18.0
18.0
7.6499999999999995
14.9
14.9
13.75
13.75
10.2
5.7
4.783333333333332
4.85
4.85
5.699999999999999
6.177777777777778
6.831818181818181
7.310091743119265
5.883333333333334
6.183333333333333
6.043939393939394
6.266666666666667
6.609523809523809
6.8797468354430364
6.309090909090909
6.136363636363636
6.928708133971292
7.1372335798173125
9.81904761904762
9.543333333333331
8.335714285714285
7.66190476190476
7.071039844509236
6.801290322580647
7.45925925925926
6.879166666666669
6.931111111111111
6.978123456790125
7.031593306410394
7.162746331320726
7.121311475409837
6.852797025519691
7.079925742531132
6.893420582143363
6.877369734068978
6.494197293924963
7.193548387096775
7.811961922827394
7.829059782202742
7.49716721001649
7.202291475103035
7.1544537863474105
18.2
16.35
14.7
14.399999999999999
13.9
13.9
13.9
13.9
5.6
6.1875
8.1
8.1
8.649999999999999
8.1
9.1
7.3374999999999995
7.455555555555555
7.1
7.1
7.7
7.900000000000001
9.7125
11.2
13.7
16.599999999999998
15.133333333333333
10.7
9.754166666666668
7.800000000000001
7.533333333333334
7.35
7.535714285714286
7.535714285714286
8.068000000000001
6.271428571428571
6.784999999999999
6.496428571428571
6.2306318681318675
6.300000000000001
6.744444444444444
7.025
7.12
7.8567567567567576
7.682837837837836
7.416666666666667
6.716666666666668
17.4
16.633333333333333
14.95
14.1
10.023076923076921
9.516000000000002
9.516000000000002
8.0
7.833333333333333
6.990909090909091
5.819999999999999
6.044117647058824
6.533333333333333
7.1566666666666645
6.753333333333333
6.633333333333334
6.488571428571429
6.587142857142856
7.086206896551722
7.714733542319749
8.735999999999999
9.536363636363637
8.704545454545455
8.246875000000003
8.634375
9.79171875