9.0
9.0
9.0
9.0
9.0
9.0
9.0
9.0
9.0
9.0
9.0
9.0
9.0
9.0
9.0
9.0
9.0
9.0
9.0
9.0
9.0
9.0
9.0
9.0
6.2
6.2
6.2
6.2
6.2
6.2
6.2
6.2
6.2
6.2
6.2
6.2
6.2
6.2
6.2
6.2
6.2
6.2
6.2
6.2
6.2
6.2
6.2
6.2
8.3
8.3
8.3
8.3
8.3
8.3
8.3
8.3
8.3
8.3
8.3
8.3
8.3
8.3
8.3
8.3
8.3
8.3
8.3
8.3
8.3
8.3
8.3
8.3
10.9
10.9
10.9
10.9
10.9
10.9
10.9
10.9
10.9
10.9
10.9
10.9
10.9
10.9
10.9
2.4
2.4
2.4
2.4
2.4
2.4
2.4
2.4
2.4
5.3
3.65
6.6
6.172222222222221
5.523809523809525
4.4
6.5
6.5
5.7
5.935294117647059
5.382758620689655
5.65
3.2
3.2
3.6500000000000004
4.885185185185184
5.573972602739726
6.0562499999999995
4.958333333333333
7.033333333333334
6.836363636363637
6.148000000000001
6.258333333333331
5.629861111111111
8.4
6.0
5.423076923076923
4.5
3.772727272727273
7.6
1.2
6.2
5.568421052631579
5.457142857142857
4.292857142857144
4.4624999999999995
4.916666666666666
5.475
5.298039215686275
5.36875
7.107142857142856
6.975
6.56
5.459999999999999
6.138181818181817
5.854545454545454
6.469264069264069
3.1500000000000004
6.8
5.346153846153846
4.638636363636365
4.743122009569379
4.6875
4.95
3.8
4.779999999999999
5.117241379310345
5.264827586206897
4.8
5.483333333333333
6.3
6.6
5.803225806451614
5.664743833017079
5.24
5.758464159857493
7.621875
7.676470588235294
7.690476190476189
7.728917748917749
6.967163947163947
7.041322101322102
11.675
10.010714285714286
9.799999999999999
9.23
9.23
10.7
10.7
8.149999999999999
8.149999999999999
8.149999999999999
8.149999999999999
8.149999999999999
8.149999999999999
8.149999999999999
8.149999999999999
8.149999999999999
8.149999999999999
7.5249999999999995
7.5249999999999995
10.362499999999999
10.362499999999999
9.83125
8.0
8.0
6.3
6.442857142857144
5.443478260869566
4.573333333333333
4.975
4.975
3.5
4.416666666666667
5.6625
5.415384615384616
5.1000000000000005
5.1000000000000005
5.1000000000000005
4.807142857142857
5.594117647058823
5.37
4.845000000000001
5.574999999999999
4.975
4.9814814814814845
5.534380032206119
5.805821205821205
6.501863354037267
6.35
12.166666666666666
9.6875
7.529411764705882
6.731249999999999
5.942857142857143
3.28
4.781818181818182
5.5
5.71
5.594117647058823
5.530000000000001
6.359999999999999
5.550000000000001
5.675
5.670588235294119
5.682608695652175
5.349999999999999
4.945348837209303
4.933333333333333
6.394117647058823
6.137499999999999
6.971052631578949
6.383333333333334
6.123550724637681