4.6
4.6
4.6
4.6
4.6
4.6
4.6
4.6
4.6
4.6
4.6
4.6
4.6
4.6
4.6
4.6
4.6
5.45707407407408
5.849765475916608
5.975803124671951
5.975803124671951
6.005750962239637
6.025745028034998
6.046915816581946
4.2
4.2
4.2
4.2
4.2
4.2
4.2
4.2
4.2
4.2
4.2
4.2
4.2
4.2
4.2
4.2
4.2
4.2
5.349351251158483
5.349351251158483
5.349351251158483
5.739473415354814
5.8806312240571925
5.948713892394092
3.5
3.5
3.5
3.5
3.5
3.5
3.5
3.5
3.5
3.5
3.5
3.5
3.5
3.5
3.5
3.5
3.5
3.5
3.5
5.057160963244609
5.5023501106313475
5.691468999116293
5.828808874241242
5.8568717389513525
5.64176528599605
6.017671086881494
5.814472700074797
5.850073261781769
6.004362416107384
5.933101467383028
6.071847874123801
6.062283934393819
6.204293194137306
6.291917272421661
6.260134595705196
6.199427558138203
6.2354459546063525
6.0979309860603355
5.870334309574342
6.087685183984944
6.179596931584323
6.081769058301177
5.979868221241
6.095868560453381
6.026080696491556
6.065863476110794
6.11918078721946
6.11113727227752
4.990734824281151
5.413757225433518
5.597618579100556
5.886944083224954
6.020109042510276
6.073968768446947
5.8385909482098075
5.83277088228197
6.014924276105722
6.1683366031049935
6.283495596878737
6.228001248684479
6.1097716095295755
6.102858867838304
6.124586981621244
6.211055547819099
6.300596060889978
6.301580806338998
6.096333722086805
5.973677833079084
5.800374863451637
5.954865368463615
6.049131179818814
6.103788344557544
4.908478513356562
5.32989847884602
5.722654784240153
5.6870334509428275
5.475357934348062
5.565120789561909
5.754196870361472
5.874863497047441
6.04762584767401
6.162272340645118
6.1662868899292524
6.214359117393469
6.218990393170408
6.2230835832373
6.257948116453378
6.252704109128908
6.079779339991667
5.9328791154909
5.830581362237269
5.773988211971803
5.781705530020004
5.948674273651271
6.030346713700351
6.064455872771529
5.059861191440147
5.569536996971008
5.7444328527385755
5.601315252390001
5.695036884238477
5.8568086422359285
5.999314402037493
6.0865283721828245
6.287598003841993
6.274811294030105
6.242575509746582
6.24755493362561
6.242255290159286
6.053602597300297
6.182604801456552
6.268726703730742
6.020811512753868
5.897906847652142
5.804142987991634
5.748612280634908
5.726934077263457
5.937124359625896
6.020929244925683
6.0642721670444635
4.648210023866348
5.396481876332614
5.589356721273849
5.58888699664864
5.540072676751997
5.618042918444161
5.775442725396352
5.9920562869276734
6.06058017895495
6.035559706611249
6.183924539219544
6.194129074934356
6.219635477490373
6.225587406234878
6.216913785260119
6.292722136406912
6.103382334801311
5.962825307004102
5.916214832102739
5.832018015204979
5.716683096815547
5.897760112571604
6.022724829137131
6.056181292306145
2.8
4.987600743955361
5.2650126156433945
5.64227781907454
5.753842170489529
5.753842170489529
5.78086972178882
6.004599827718103
6.071925807312801
6.21383813137335
6.21383813137335
6.262229882962447
6.3180733149984505
6.303336261387976
6.247776380175139
6.247776380175139
6.186517988582956
5.910639879870698
5.879476760357377
5.80433319805201
5.747508806020049
5.709866761772808
5.909889395955745
5.995114941386056
5.113963328631876
5.617255031342794
5.8074540871443965
5.93540909071121
5.837064737316377
5.714930751007397
5.9155642533045185
6.070170849267277
6.102986791371422
5.983561250867253
6.204594500801204
6.092284439723046
6.174695503499663
6.209604114485989
6.221427547788903
6.282595430938389
6.234779278081956
6.011705765824508
5.849132858325567
5.791634936464136
5.748367750691932
5.960520442538318
6.061493248437997
6.092962382454526