25.0
25.0
25.0
25.0
25.0
25.0
25.0
25.0
25.0
25.0
25.0
25.0
25.0
25.0
25.0
25.0
25.0
25.0
25.0
25.0
25.0
25.0
25.0
25.0
5.4
5.4
5.4
5.4
5.4
5.4
5.4
5.4
5.4
5.4
5.4
5.4
5.4
5.4
5.4
5.4
5.4
5.4
5.4
5.4
5.4
5.4
5.4
5.4
14.9
14.9
14.9
14.9
14.9
14.9
14.9
14.9
14.9
14.9
14.9
14.9
14.9
14.9
14.9
14.9
14.9
14.9
14.9
14.9
14.9
14.9
14.9
18.200000000000003
15.8
15.8
15.8
15.8
15.8
15.8
15.8
15.8
15.8
15.8
15.8
15.8
15.8
15.8
15.8
15.8
15.8
15.8
15.8
15.8
15.8
15.8
15.800000000000002
15.800000000000002
8.150819672131144
8.150819672131144
7.3833333333333355
5.738709677419355
5.738709677419355
4.670731707317073
4.297364732268013
4.297364732268013
4.297364732268013
4.4653846153846155
3.8452991452991454
3.8452991452991454
3.8928217980849564
4.136206896551724
4.906896551724137
4.43127229488704
4.775734016280984
4.775734016280984
4.775734016280984
5.946296296296297
6.510714285714285
6.510714285714285
7.214381377551019
6.777937570861679
12.461842105263157
12.320000000000002
10.346511627906976
8.791549295774644
7.4912536950095605
6.349180327868852
6.023529411764706
6.023529411764706
5.2458333333333345
4.8584523809523805
3.805263157894736
3.2913043478260877
3.1443478260869564
3.2688524590163937
3.276374840134869
3.2551724137931033
4.326666666666667
7.279999999999999
7.992857142857143
9.811344537815124
10.425
12.4625
13.337499999999999
12.217241379310343
5.850000000000001
6.239130434782609
5.1925
4.38032786885246
4.251401374933898
4.399428251469811
4.190600019926578
3.9906537038882086
3.967956177900724
4.1382978723404245
4.015172241681835
3.8073033707865176
4.181818181818182
4.012068965517241
4.609563577586207
5.433510436621965
6.76111111111111
7.584375
7.868830128205131
6.594117647058823
7.219615841674666
7.603571428571432
7.48642857142857
7.20549142857143
13.673913043478262
12.594545454545452
10.217073170731705
8.494623655913978
7.591843456359583
6.6703125
6.127252604166665
5.68
4.458333333333333
3.9307692307692297
3.556862745098038
3.5266666666666655
3.017460317460317
3.509574468085105
3.714632495164411
3.8848837209302354
3.9234989429175475
4.556521739130435
8.933333333333334
8.741176470588234
10.305882352941177
12.723076923076926
13.0
11.680000000000001
13.319047619047621
11.034905660377358
11.136363636363642
8.469999999999999
5.272222222222222
4.267307692307693
4.666666666666668
4.523529411764707
4.723076923076922
3.7441176470588227
3.421649484536081
3.2319178530518733
3.3836734693877557
3.912500000000001
3.366666666666667
3.4261904761904756
4.561764705882354
7.788888888888888
9.754545454545454
11.611111111111109
12.631034482758619
12.942921960072596
12.172727272727274
12.295104895104894
12.746666666666668
11.340677966101694
9.994285714285715
7.610000000000001
5.980000000000002
4.970000000000001
4.294897959183674
4.120779220779222
4.50064935064935
4.4
3.5370370370370363
3.492941176470588
3.0804347826086955
3.3187500000000005
3.3578947368421055
3.4836842105263153
4.291044776119403
5.349999999999998
5.800000000000001
6.6800000000000015
8.717647058823529
10.034615384615385
10.649999999999999
11.695454545454545