7.5978356061553916
7.594690351402727
7.594157201545325
7.596921957628064
7.5934684151287275
7.587443130334931
7.5865031887406875
7.582480058755375
7.576558437083761
7.586764415302416
7.586764415302416
7.586764415302416
7.586764415302416
7.586764415302416
7.586764415302417
7.586764415302417
7.586764415302417
7.586764415302417
7.586764415302417
7.586764415302417
7.586764415302417
7.586764415302417
7.586764415302417
7.586764415302418
7.557553278430887
7.5654615779973975
7.565529490119493
7.562921616269456
7.563734737149845
7.5683066207767045
7.57493949588837
7.5782971629436195
7.5812999589936005
7.582281346399765
7.582095163271634
7.582695531863191
7.582695531863191
7.582695531863191
7.582695531863191
7.582695531863191
7.582695531863191
7.582695531863191
7.582695531863191
7.582695531863191
7.582695531863191
7.58269553186319
7.58269553186319
7.58269553186319
7.592763198902954
7.592918471980525
7.59503642298949
7.5944511921197835
7.587691337063596
7.583672301028391
7.579442498936747
7.572905689423616
7.572824729065834
7.580262542441192
7.580262542441192
7.580262542441192
7.580262542441192
7.580262542441192
7.580262542441192
7.580262542441192
7.580262542441192
7.580262542441192
7.580262542441192
7.580262542441192
7.580262542441192
7.580262542441192
7.580262542441192
7.580262542441192
7.574012603731208
7.576834186049356
7.5788895644487955
7.579527351413805
7.575360278025892
7.5761245796116645
7.578404030411663
7.5742301415417135
7.577456940775453
7.577710123221467
7.577710123221468
7.577710123221468
7.577710123221468
7.577710123221468
7.577710123221468
7.577710123221468
7.577710123221468
7.577710123221469
7.577710123221469
7.577710123221469
7.577710123221469
7.577710123221469
7.577710123221469
7.577710123221469
7.574684177611012
7.576284706875399
7.578230781647051
7.580794705751956
7.580416769836768
7.576653439221084
7.57477580715721
7.567081454072462
7.565576772301897
7.574796426265665
7.574796426265665
7.574796426265665
7.574796426265665
7.5747964262656655
7.5747964262656655
7.574198401812498
7.574198401812498
7.574796351967684
7.574796351967684
7.574796351967684
7.574796351967684
7.574796351967684
7.574796351967684
7.574796351967684
7.566018449264528
7.567708487544321
7.567315893655458
7.565646259898608
7.56420144859678
7.569394880615688
7.570764943123112
7.574112336837174
7.573126097607482
7.573353518156235
7.573353518156234
7.573353518156234
7.5733535181562335
7.5733535181562335
7.573353518156233
7.5739512237617115
7.5739512237617115
7.5739512237617115
7.5739512237617115
7.5739512237617115
7.5739512237617115
7.573951223761712
7.573951223761712
7.573951223761712
7.588707879088214
7.588593892436364
7.593051487891843
7.585175786190093
7.579505697334596
7.576748515899371
7.5707271466009
7.568353031230566
7.570482242983537
7.573829158129479
7.57382915812948
7.57382915812948
7.573829158129481
7.573829158129481
7.573232297338196
7.573232297338195
7.573232297338195
7.573829047133797
7.573829047133797
7.573829047133797
7.573829047133797
7.573829047133797
7.573829047133797
7.573829047133797
14.3
14.3
7.60449007359763
7.601107060537544
7.598288250023748
7.598918591098599
7.590216018552499
7.585559179607369
7.567613118947747
7.563701239755206
7.562057593788853
7.574092777916523
7.572726745466629
7.572726745466628
7.572726745466628
7.574092523818225
7.573495679356656
7.573495679356656
7.573495679356657
7.573495679356657
7.5740923758372025
7.5740923758372025
7.5740923758372025
7.574092375837203
7.620527062889592
7.60468944093905
7.601038209089467
7.584437828527215
7.5587204044166105
7.5625747175723355
7.557735983873102
7.558542901992402
7.571591787492216
7.572484659501759
7.572484659501759
7.5718883069658
7.573252614639097
7.573436762577574
7.573252626042859
7.573252626042859
7.573252626042859
7.5732526260428585
7.5732526260428585
7.5732526260428585
7.5738485249827505
7.5738485249827505
7.573848524982751
7.573848524982751
7.557039845838262
7.562526027659652
7.558370205635573
7.5600035913760975
7.561773436182103
7.5652025593549
7.566664493723903
7.5704346920175745
7.57032142727988
7.5703310860001976
7.5703310860001976
7.5703310860001976
7.570147392055485
7.5701473920554845
7.5701473920554845
7.5701473920554845
7.570147392055484
7.570147392055484
7.570147392055483
7.570147392055483
7.570147392055482
7.570147392055482
7.570147392055481
7.570147392055481