11.3
11.3
11.3
11.3
11.3
10.242105263157896
8.607894736842104
6.747368421052631
5.65
5.346666666666666
4.64074074074074
4.881818181818182
5.936111111111113
5.690677966101694
6.409677419354835
6.2521126760563295
6.499613811903673
6.333881105883499
6.223515464478969
6.54435615781297
6.404603236038301
6.434346247278223
6.468141544165181
6.611686104961217
2.8
2.8
2.8
2.8
2.8
3.745671267252196
4.399481217082363
4.683578378629305
5.12532429116284
5.099510712300176
5.059441209635605
5.052447555058782
5.173851042640588
5.425503973122879
5.790601089090436
6.138259670525802
6.120091495112984
6.210429881544895
6.508852671774514
6.409451802738909
6.51089507830176
6.511714750432908
6.6472647283473245
6.886048865686424
5.8
5.8
6.371604938271605
6.288764044943821
6.3466333141966675
6.3714802830237875
6.451695718378392
6.535662823067946
6.5526271087822305
6.673904814464889
6.820290946017394
7.019858036571624
6.736196780779302
6.524902885675279
6.116781567481695
5.649382521795044
5.4545048828671225
5.443871403311222
5.751645364398696
6.0438963417883125
6.240983263037235
6.33734522692165
6.346660643978774
6.4455500450969865
7.26
6.8
6.175
4.77
4.390217391304347
4.569318181818183
5.851754385964912
7.705555555555557
7.275000000000003
6.895180722891566
6.95769230769231
6.4477777777777785
5.753535353535352
4.823819474942663
4.744726188958307
5.726727070382726
6.929839366348361
8.5125
7.659999999999998
7.586764705882354
7.755882352941175
7.508860759493672
6.914606741573033
6.688713068602615
5.992156862745098
6.360000000000001
5.898039215686276
6.2250000000000005
6.580588235294116
6.343442067736185
6.430792931876304
6.409063603535824
6.537961925739516
6.350909363965906
6.4473924358195935
6.376992482866965
6.351088541413219
6.269276385736701
6.551997513045507
6.4885275732754994
6.529069406127542
6.602913511638354
6.719911897856472
6.6602596428374605
6.811235391889121
6.527507452458571
6.174860017880827
6.109685625609086
5.7894736842105265
5.982474226804125
6.287912607585358
6.16327464331205
6.360894972265363
6.371391540475964
6.4844571863596805
6.504786131972191
6.668531019401463
6.710123624578161
6.9790170921551296
6.780446810042536
6.665152297057096
6.304838637859107
5.677215887184601
5.362482286147254
5.211476323561519
5.114308295062012
6.261138205890359
6.1612063094520515
6.800918054749751
6.342269246626878
6.154099746207257
6.351683729344772
7.409090909090907
8.875
7.5357142857142865
7.260975609756098
6.447619047619048
5.9188679245283025
5.106451612903226
4.411764705882353
4.342056074766356
5.499270072992702
5.326315789473685
5.846927374301673
5.873743016759774
5.93203854373664
6.125398870935219
6.360254676290279
6.472618587478978
6.429361501052377
6.370335196546201
6.572036262899809
6.4809234650263425
6.3818006580088
6.4625589639251
6.363913621957807
9.355555555555556
8.87777777777778
6.858823529411764
5.8833333333333355
5.2411764705882335
4.843243243243243
4.772413793103447
5.765789473684211
6.535294117647058
6.992968749999995
6.5898437499999964
6.575781249999998
6.3131578947368405
6.0153634085212975
5.858873952558161
5.830956306064947
5.986841449690041
6.110295739583169
6.629222087750672
6.331876068960604
6.305343047574534
6.493558503586141
6.628986623531204
6.478672045823913
7.119607843137255
7.044827586206896
6.814190981432359
6.263026951496779
5.3538619888457095
5.000538619888457
4.853689880209353
6.089841649322423
5.840243902439025
6.643965517241376
6.23983050847457
6.603448275862064
6.601869158878502
6.710816589210361
6.695745320522069
6.918953634689231
6.716512769843176
6.497498258760041
6.062763842258897
5.8655292938414085
5.9555567487129935
6.047385147897495
5.980550713915435
6.4398523669164955
6.151428571428572
5.925
5.177272727272728
4.868888888888888
5.921495327102807
6.757142857142858
7.560000000000001
7.1000000000000005
7.162745098039218
7.110833333333333
6.887017133956386
6.452707708810911
5.5110689718104195
4.925887308987735
4.74066061407932
5.953030640205654
7.079251700680272
7.813465346534653
7.545652173913046
7.390337578330305
7.354054232804232
7.086800353289572
6.9188033123350205
6.4380035489303795