13.9
13.9
13.9
13.9
13.9
11.613793103448275
9.963563218390805
9.422376215738284
8.733333333333329
8.837662337662339
8.372535211267603
7.677233056458406
7.578674350468431
7.565790968461547
7.715396551329878
7.848512439668125
8.014592389799008
8.093503131624669
8.17568766044708
8.330261123175198
8.345800709516908
8.362200094041203
8.308710118100173
8.23167258318963
4.2
4.2
4.2
4.2
4.2
5.219257086999025
5.825586417696023
6.306511828472048
6.787096592787934
7.116881720221595
7.459914750482284
7.727287363107776
7.983519304376869
8.081534790661216
8.158429768850246
8.25687171100444
8.326406704768303
8.347447661852032
8.355953217443878
8.298893134854405
8.273049706160585
8.2626115580878
8.224201340329337
8.189931888964592
10.6
10.6
10.48971428571428
10.227097001763669
9.66845790854734
9.194160202966923
8.869449482398034
8.322800355757435
7.908409999280689
7.64517862876013
7.600141022705367
7.695798199696248
7.8518863394675025
7.996338343704255
8.04702144823985
8.156893671702422
8.273471172183909
8.349530230226307
8.353644195867174
8.332914213574782
8.255111401668843
8.264808538200782
8.210603062561747
8.191830079350115
6.195674740484423
6.652224052718289
7.072749611341866
7.320896687288479
7.565095546926912
7.905276141194717
8.076578769225947
8.16625562649925
8.2349466143805
8.34874435936603
8.376589991833285
8.366967174045266
8.33746193139504
8.308006040117146
8.2969999419664
8.27538265777696
8.21793029041726
8.196493632926332
8.233642287884901
8.252484668972695
8.250485909494591
8.263901454277716
8.29031140932838
8.309122356042963
6.774576271186437
7.131967213114754
7.62978732095201
7.74685894417919
7.932703735814509
8.014054926730134
8.121413546028515
8.226173811655872
8.312924743968207
8.418216638310234
8.423461707332152
8.361328576373333
8.340880496930703
8.368286553614702
8.332915271711668
8.30397000280401
8.293475606030121
8.26613837065082
8.216500478589921
8.18476511861471
8.220922868284468
8.22472926726148
8.22831221648604
8.27260194936499
9.523202614379091
9.604044117647062
9.389433962264151
8.99626467263716
8.451890679582851
8.279953911876339
7.775470989941531
7.560590407558352
7.6035644039161205
7.665837729348889
7.853378776576997
8.004285612912021
8.067549554174803
8.127745254300415
8.23837453250594
8.309686067007148
8.327363211373248
8.320751082649032
8.267395860192229
8.230576323439806
8.21179838168791
8.216273089859117
8.192477238536362
8.223786067999965
7.000000000000001
7.444483985765128
7.601785714285716
7.884469984802435
8.043069665881111
8.12407138772581
8.225109600913324
8.339601047752854
8.415533655134391
8.403539620244477
8.35387694121143
8.31983761878212
8.329275613039009
8.31226316490623
8.271328736879564
8.249889096580016
8.199312043487755
8.203197740324237
8.236730603562943
8.25438155674733
8.258387474272931
8.277548058214538
8.287892178032989
8.298059394650119
10.978571428571428
8.714285714285714
8.451515151515148
8.636000000000001
8.436274509803921
7.45895953757226
7.540289439264165
7.766829910064888
7.82016883594831
7.932545480308792
8.026125436735061
8.089250299144954
8.213152161658693
8.300947442130639
8.391906029218655
8.359419554577219
8.305272305323209
8.236728254749895
8.271601628456347
8.23747610590112
8.165197396904029
8.167082600805315
8.218590227967903
8.23430938439185
7.457581573896349
7.7485084306096
8.052147292579795
8.13181351227274
8.16617465761106
8.268873103070993
8.341766470482543
8.349378192611
8.322998134964447
8.25431528833852
8.269990676014642
8.233209129626246
8.185006886819947
8.187448693898862
8.243629651777654
8.227053168025076
8.263619294401318
8.284400879815344
8.296715543116386
8.29873856420009
8.314359946981257
8.272579080591393
8.217480210388274
8.187556829009631
7.411651917404131
7.786605080831411
8.013015795840632
8.081844423703714
8.171650884707944
8.27985770335503
8.335448001689098
8.33517580251505
8.323084384270118
8.238184943969342
8.222884722842734
8.20372412399813
8.203291546675198
8.204743624596437
8.239371331168805
8.278213591062826
8.279046487380574
8.283233745944013
8.28811984082308
8.269750707846606
8.240299100316033
8.221886436610331
8.2441284306884
8.262325121185354