20.1
20.1
20.1
20.1
20.1
20.1
20.1
20.1
20.1
20.1
20.1
20.1
20.1
20.1
20.1
20.1
20.1
20.099999999999998
20.099999999999998
20.099999999999998
20.099999999999998
20.099999999999998
20.099999999999998
20.099999999999998
2.3
2.3
2.3
2.3
2.3
2.3
2.3
2.3
2.3
2.3
2.3
5.311462882096079
6.1667464067719955
7.95825995506665
10.29793697619352
11.320568296047789
11.72133163702007
11.82453925172009
11.297272665858616
9.02547388650763
6.920000000000001
5.214285714285715
4.814285714285715
3.5062499999999996
17.9
17.9
17.9
17.9
17.9
17.9
17.9
17.9
17.9
17.9
17.9
17.9
17.9
17.9
17.9
17.900000000000002
17.900000000000002
17.900000000000002
17.900000000000002
17.900000000000002
17.900000000000002
17.900000000000002
17.900000000000002
17.900000000000002
16.36
13.5
10.9
5.0
5.0
5.05
4.0
3.2777777777777777
2.966666666666667
3.117142857142857
3.168539325842696
3.1458536585365846
3.1122873345935713
3.5091056425462437
4.482029744461113
5.14460378362513
5.9266181504146305
7.365586532626606
9.778325907929428
11.125849464666608
11.853051682278629
12.084374773010152
11.353635202537484
8.98310062861674
13.164705882352942
10.853571428571426
6.106666666666666
4.5
4.499999999999999
3.1571428571428575
2.88
3.0233333333333334
3.2655172413793103
3.1778688524590155
3.075625
3.13733850129199
3.4080949811117165
4.572615399026113
5.4628092862973405
6.423224753485201
8.125002559508172
10.343291082768976
11.500034884031228
12.005342295298885
12.110526602519197
10.463021781056197
7.671233064675724
6.2481481481481485
13.967669172932332
11.227083333333333
6.55625
5.1625
3.966666666666667
3.745454545454545
3.3266666666666667
3.2000000000000006
3.1265306122448973
3.2178861788617876
3.102040816326531
3.117446808510637
3.415061295971984
4.381847369006358
5.289356174537403
6.2471476368409
7.7097493065181215
10.145583897071575
11.474163466592072
12.134651830266353
12.19269242525892
10.810711508647174
7.824708398135657
6.065384615384616
14.877777777777775
10.487499999999999
11.566666666666668
9.633333333333333
7.3
4.1
3.7
4.266666666666667
4.266666666666667
4.533333333333333
3.5800000000000005
3.365853658536586
3.1552325581395353
3.3568862275449054
3.42165568360766
4.234537173463208
5.237581449339509
5.974383751311095
7.391665019341491
9.899220990385512
11.276056987606164
11.915688636622294
12.135881721943393
11.46969362306905
15.141463414634147
12.274285714285716
8.982352941176472
5.333333333333332
3.6500000000000004
3.142857142857143
2.7875
3.0428571428571423
3.1599999999999997
3.3624999999999994
3.1464114832535888
3.101026694045173
3.081488042515499
3.8080131202891545
5.139197193211521
6.079106953125725
7.355114662919406
9.638155153552164
11.17615837739482
11.966079231589694
12.16355070513028
11.53001950936885
9.510281964920685
7.125806451612903
15.656666666666666
10.67
8.314285714285715
6.25
4.1
5.1
4.9
4.0
3.4750000000000005
3.1904761904761907
3.109859154929578
3.1333333333333333
3.2516600265604225
3.8192381180548822
4.555988279161574
5.225499002046828
5.791587949103136
7.2322593070837815
9.965621650342166
11.220443624823789
11.820528639168977
12.064255703877494
11.198878146313037
8.808671264050282
13.719999999999999
8.7
4.2
2.5
3.4
3.0333333333333337
2.5799999999999996
2.9
2.8888888888888884
3.1893617021276603
3.0572490706319715
3.0557352941176465
4.11142346026067
5.546952090500352
6.480995847926028
8.102463132841592
10.293541366290649
11.496031662626736
11.97089517232293
12.183732327301394
10.987755547934098
8.441038164085526
6.268
4.9