2.897466449
2.897466449
2.897466449
2.897466449
2.897466449
2.897466449
2.897466449
2.897466449
3.076462223
3.99843983
3.99843983
3.824066682
3.824066682
3.824066682
3.824066682
3.824066682
2
2
2
3.076462223
3.076462223
3.537451027
3.537451027
3.537451027
2
2
2
2
3.076462223
1.796493068
3.076462223
2.957131707
6.182649277
5.358901032
5.358901032
5.358901032
5.358901032
5.358901032
5.358901032
5.358901032
3.989571172
4.427354833
4.427354833
4.427354833
4.427354833
4.427354833
4.427354833
4.427354833
3.966366029
3.431916239
3.431916239
3.431916239
3.431916239
3.431916239
3.431916239
3.431916239
5
5
5
3.076462223
2.897466449
2.897466449
2.897466449
2.897466449
3.076462223
3.076462223
2.436477645
2.436477645
2.436477645
2.436477645
2.436477645
2.436477645
2.058070896
3.966366029
3.966366029
3.076462223
3.076462223
2.436477645
2.436477645
2.436477645