4
4
4
4
4
4
4
4
1
1
1
2.606139723
2.606139723
2.606139723
2.606139723
2.606139723
3
3.028730175
0.918535499
0.918535499
0.918535499
3.873911078
3.873911078
4.932913194
2.116614575
2.116614575
2.116614575
0.918535499
0.918535499
2.043604982
3.095664871
3.095664871
0.177784934
0.918535499
0.918535499
2.396223288
2.396223288
2.396223288
2.396223288
2.396223288
2
3.095664871
3.095664871
2.116614575
2.043604982
2.043604982
2.043604982
3.873911078
1
1
1
0.918535499
0.918535499
1.517575037
1.517575037
1.517575037
3.095664871
3.873911078
3.873911078
3.873911078
3.873911078
3.873911078
3.873911078
3.873911078
2
1.517575037
1.517575037
1.517575037
1.517575037
1.517575037
1.517575037
1.517575037
4
2.116614575
1.796688127
1.796688127
1.796688127
1.796688127
1.796688127
1.796688127