0.599499072
0.599499072
0.599499072
0.599499072
0.599499072
0.599499072
0.599499072
0.599499072
0.871552965
1.033265518
0.995063891
2.1105646
1.552814246
1.552814246
1.552814246
1.552814246
0.995063891
0.599499072
0.599499072
0.599499072
0.599499072
0.599499072
0.599499072
0.599499072
2.1105646
2.025606314
2.97119045
2.97119045
3.434671484
3.434671484
3.434671484
3.434671484
0.995063891
0.203934254
0.203934254
1.02872801
1.570188299
1.570188299
1.570188299
1.570188299
0.599499072
0.599499072
0.599499072
0.599499072
0.599499072
0.599499072
0.599499072
0.599499072
0.203934254
1.016541469
0.995063891
1.552814246
1.552814246
1.552814246
1.552814246
1.552814246
0.871552965
1.542537461
1.542537461
1.542537461
1.542537461
1.542537461
1.542537461
1.542537461
0.203934254
1.016541469
1.016541469
1.462095394
1.462095394
1.462095394
1.462095394
1.462095394
0.871552965
0.599499072
0.599499072
0.599499072
0.599499072
0.599499072
0.599499072
0.599499072