2.623125232
2.623125232
2.623125232
2.623125232
2.623125232
2.623125232
2.623125232
2.623125232
2.623125232
2.623125232
2.623125232
2.623125232
2.623125232
2.623125232
2.623125232
2.623125232
2.147982835
2.147982835
2.147982835
2.147982835
2.147982835
2.147982835
2.147982835
2.147982835
2.623125232
2.623125232
2.623125232
2.623125232
2.623125232
2.623125232
2.623125232
2.623125232
1.537244131
1.537244131
1.537244131
1.537244131
1.537244131
1.537244131
1.537244131
1.537244131
2.147982835
2.147982835
2.147982835
2.147982835
2.147982835
2.147982835
2.147982835
2.147982835
1.068770655
1.559587222
1.559587222
1.559587222
1.559587222
1.559587222
1.559587222
1.559587222
2.201812844
2.201812844
2.201812844
2.201812844
2.201812844
2.201812844
2.201812844
2.201812844
1.559587222
1.559587222
1.559587222
1.559587222
1.559587222
1.559587222
1.559587222
1.559587222
1.068770655
1.559587222
1.559587222
1.559587222
1.559587222
1.559587222
1.559587222
1.559587222