1.115189752
1.115189752
1.115189752
0.227071182
4.162630089
4.162630089
4.162630089
4.162630089
2.503184541
2.503184541
2.503184541
2.503184541
2.503184541
2.503184541
2.503184541
2.503184541
2.947472174
3.505649742
3.505649742
3.505649742
3.505649742
3.505649742
3.505649742
3.505649742
5.460478809
5.460478809
5.460478809
5.460478809
5.460478809
5.460478809
5.460478809
5.460478809
4.516105253
4.516105253
4.516105253
4.516105253
4.516105253
4.516105253
4.516105253
4.516105253
3.187783471
3.187783471
3.187783471
3.187783471
3.187783471
3.187783471
3.187783471
3.187783471
1.172490177
1.172490177
2.040519611
2.117909172
2.660572125
2.660572125
2.660572125
2.660572125
4.200383194
4.200383194
4.200383194
4.200383194
4.200383194
4.200383194
4.200383194
4.200383194
2.960825196
2.960825196
3.973556805
5.002633431
3.686184287
3.686184287
3.686184287
3.686184287
2.888459909
2.597386066
2.597386066
2.597386066
2.597386066
2.597386066
2.597386066
2.597386066
