1.852485793
1.860617382
2.391600654
2.391600654
2.391600654
2.391600654
2.391600654
2.391600654
2.318982536
2.318982536
2.318982536
2.318982536
2.318982536
2.318982536
2.318982536
2.318982536
3.273584781
3.273584781
3.273584781
3.273584781
3.273584781
3.273584781
3.273584781
3.273584781
3
3
2.481328532
2.481328532
2.481328532
2.481328532
2.481328532
2.481328532
3
1.925932906
3.024718396
1.599850115
1.599850115
1.599850115
1.599850115
1.599850115
3.917218026
4.263351395
4.263351395
4.263351395
4.263351395
4.263351395
4.263351395
4.263351395
1.852485793
2.117837302
2.117837302
2.117837302
2.117837302
2.117837302
2.117837302
2.117837302
1.818688551
3.162372065
3.162372065
3.162372065
3.162372065
3.162372065
3.162372065
3.162372065
2.868199757
2.868199757
2.868199757
2.868199757
2.868199757
2.868199757
2.868199757
2.868199757
1.925932906
3.858521397
3.858521397
4.870103042
3.931892184
2.9363909
0.550268789
0.550268789