0.527272433
0.527272433
0.527272433
0.527272433
0.527272433
0.527272433
0.527272433
0.527272433
1.783950787
1.783950787
1.783950787
1.783950787
1.783950787
1.783950787
1.783950787
1.783950787
1.522970408
1.522970408
1.522970408
1.522970408
1.522970408
1.522970408
1.522970408
1.522970408
3.025006194
2.321703531
2.321703531
2.321703531
2.321703531
2.321703531
2.321703531
2.321703531
1.032707111
1.032707111
1.938806305
2.025912689
2.025912689
1.973729693
1.522970408
1.522970408
2.083983612
2.489717723
2.489717723
2.489717723
2.489717723
2.489717723
2.489717723
2.489717723
1.543668676
1.543668676
1.543668676
1.543668676
1.543668676
1.543668676
1.543668676
1.543668676
0.527272433
0.527272433
0.527272433
0.527272433
0.527272433
0.527272433
0.527272433
0.527272433
1.10713451
1.10713451
1.10713451
1.10713451
1.10713451
1.10713451
1.10713451
1.10713451
1.938806305
1.973729693
2.500914623
2.500914623
2.500914623
2.500914623
2.500914623
2.500914623