2.854874814
2.976298896
2.941436868
2.525776766
2.525776766
2.525776766
2.525776766
2.525776766
2.979715347
2.976298896
1.935155168
1.747072283
1.747072283
1.747072283
1.747072283
1.747072283
2.790286432
2.790286432
2.790286432
2.790286432
2.790286432
2.790286432
2.790286432
2.790286432
1.747692872
1.747692872
1.747692872
1.747692872
1.747692872
1.747692872
1.747692872
1.747692872
1.747692872
1.747692872
1.747692872
1.747692872
1.747692872
1.747692872
1.747692872
1.747692872
2.437367112
2.437367112
2.437367112
2.437367112
2.437367112
2.437367112
2.437367112
2.437367112
2.35133909
2.35133909
2.35133909
2.35133909
2.35133909
2.35133909
2.35133909
2.35133909
2.790286432
2.790286432
2.790286432
2.790286432
2.790286432
2.790286432
2.790286432
2.790286432
1.747692872
1.747692872
1.747692872
1.747692872
1.747692872
1.747692872
1.747692872
1.747692872
2.854874814
2.976298896
2.941436868
2.525776766
2.525776766
2.525776766
2.525776766
2.525776766