1.544403897
1.544403897
1.544403897
1.544403897
1.544403897
1.544403897
1.544403897
1.544403897
1.05706049
2.022187031
2.738432818
2.738432818
2.738432818
2.738432818
2.738432818
2.738432818
2.787197559
2.787197559
2.787197559
2.787197559
2.787197559
2.787197559
2.787197559
2.787197559
1.082397204
1.544403897
1.544403897
1.544403897
1.544403897
1.544403897
1.544403897
1.544403897
2.212957153
2.212957153
2.212957153
2.212957153
2.212957153
2.212957153
2.212957153
2.212957153
1.544403897
1.544403897
1.544403897
1.544403897
1.544403897
1.544403897
1.544403897
1.544403897
2.212957153
2.212957153
2.212957153
2.212957153
2.212957153
2.212957153
2.212957153
2.212957153
2.212957153
2.212957153
2.212957153
2.212957153
2.212957153
2.212957153
2.212957153
2.212957153
2.08357654
2.830476375
2.830476375
2.830476375
2.830476375
2.830476375
2.830476375
2.830476375
2.212957153
2.212957153
2.212957153
2.212957153
2.212957153
2.212957153
2.212957153
2.212957153
