-1
-1
-1
-1
-1
-1
-1
-1
-1
-1
-1
-1
-1
-1
-1
-1
-1
-1
-1
-1
-1
-1
-1
-1
-1
-1
-1
-1
-1
-1
-1
-1
-1
-1
-1
-1
-1
-1
-1
-1
-1
-1
-1
-1
-1
-1
-1
-1
-1
-1
-1
-1
-1
-1
-1
-1
-1
-1
-1
-1
-1
-1
-1
-1
-1
-1
-1
-1
-1
-1
-1
-1
7.1
7.1
7.1
7.1
6.61398
4.64278
4.64278
4.64278
4.64278
3.82649
4.80127
8.57118
8.57118
8.57118
8.57118
8.57118
5.9707
10.5287
13.2178
11.3043
10.5287
8.49925
4.59458
1.94629
5.4
5.4
5.4
3.82649
5.10715
4.59458
3.3956
4.89859
5.9707
7.24347
9.81597
10.5287
8.49925
8.49925
7.24347
6.61398
5.3024
4.83489
4.83489
4.83489
2.96472
3.23519
3.3791
4.35035
6.1
6.1
6.1
5.3024
5.9707
6.55264
6.55264
6.5039
6.5039
6.5039
6.5039
6.5039
6.5039
6.5039
6.5039
6.5039
6.5039
6.5039
6.5039
6.5039
6.5039
6.5039
6.5039
6.5039
5.6
5.6
5.6
5.6
6.38662
7.24347
5.9707
5.9707
14.7578
14.7578
14.7578
14.7578
14.7578
14.7578
14.7578
14.7578
14.7578
14.7578
14.7578
14.7578
14.7578
14.7578
14.7578
14.7578
8.49925
6.61398
2.96472
5.9707
2.96472
1.94629
1.94629
2.88639
1.94629
7.46486
10.5287
4.59458
2.96472
1.94629
4.59458
4.59458
4.13356
3.99915
4.96415
2.9125
4.67823
3.82649
4.93426
4.59458
7.86883
11.0911
11.0911
11.0911
11.0911
11.0911
9.90177
9.90177
9.90177
9.90177
9.90177
9.90177
9.90177
9.90177
9.90177
9.90177
9.90177
9.90177
9.90177
9.90177
9.90177
9.90177
9.90177
9.90177
6.4
6.4
5.3024
3.82649
3.82649
4.95486
3.82649
3.3956
5.04865
7.55663
7.55663
9.14447
7.24347
7.86883
7.86883
7.55661
7.55661
7.55661
3.82649
3.82649
3.82649
3.82649
3.82649
5.06448
