-1
-1
-1
-1
-1
-1
-1
-1
-1
-1
-1
-1
-1
-1
-1
-1
-1
-1
-1
-1
-1
-1
-1
-1
-1
-1
-1
-1
-1
-1
-1
-1
-1
-1
-1
-1
-1
-1
-1
-1
-1
-1
-1
-1
-1
-1
-1
-1
-1
-1
-1
-1
-1
-1
-1
-1
-1
-1
-1
-1
-1
-1
-1
-1
-1
-1
-1
-1
-1
-1
-1
-1
5.1
5.1
7.14953
7.14953
8.81019
9.26231
9.26231
9.26231
9.26231
9.26231
9.26231
9.26231
9.26231
9.26231
9.26231
9.26231
9.26231
9.26231
9.26231
9.26231
9.26231
9.26231
9.26231
9.26231
5.8
7.70543
5.10166
11.7499
12.4863
11.0933
13.359
14.5132
7.12774
8.26273
8.26273
7.70543
11.0933
11.0933
5.85142
7.70543
8.81019
6.51619
6.51619
7.70543
7.70543
8.26273
9.35706
12.4863
10
10
10
10
10
10
10
10
10
10
10
10
10
10
10
10
10
10
10
10
10
10
10
10
6.5
6.5
6.5
6.5
6.5
6.5
6.5
6.5
6.5
6.5
6.5
6.5
6.5
6.5
6.5
6.5
6.5
6.5
6.5
6.5
6.5
6.5
6.5
6.5
13
13
13
12.4863
9.91256
13.359
13.359
10.487
8.81019
18.1176
18.1176
18.1176
18.1176
13.1346
10.7142
10.9008
10.9008
10.9008
10.9008
10.9008
10.9008
10.9008
10.9008
10.9008
7.1
7.1
7.1
8.26273
11.7499
21.3697
21.3697
21.3697
21.3697
21.3697
18.1465
13.2055
18.1176
21.3697
9.35706
14.5132
7.70543
4.2046
7.12774
5.85142
4.2046
2.98988
2.98988
3.5435
5.85142
9.35706
7.70543
5.85142
18.1176
7.12774
4.2046
5.10166
7.70543
18.1176
18.1176
18.1176
8.26273
4.2046
5.10166
6.19858
7.70543
5.10166
5.10166
5.10166
4.2046
5.85142
5.02867
2.98988
