-1
-1
-1
-1
-1
-1
-1
-1
-1
-1
-1
-1
-1
-1
-1
-1
-1
-1
-1
-1
-1
-1
-1
-1
-1
-1
-1
-1
-1
-1
-1
-1
-1
-1
-1
-1
-1
-1
-1
-1
-1
-1
-1
-1
-1
-1
-1
-1
-1
-1
-1
-1
-1
-1
-1
-1
-1
-1
-1
-1
-1
-1
-1
-1
-1
-1
-1
-1
-1
-1
-1
-1
17.6
17.6
17.6
8.99183
9.66461
7.16947
6.01239
4.19786
1.98849
2.80498
3.53091
2.80498
3.53091
3.53091
3.53091
2.80498
3.53091
3.53091
7.16947
10.3993
23.5291
23.5291
23.5291
23.5291
15.2
15.2
15.2
15.2
15.2
15.2
15.2
15.2
23.5291
19.0316
19.0096
19.0096
19.0096
19.0096
19.0096
19.0096
19.0096
19.0096
19.0096
19.0096
19.0072
19.0072
19.0072
19.0072
15.5
15.5
15.5
15.5
15.5
15.5
15.5
15.5
15.5
19.0072
19.0072
19.0072
19.0072
19.0072
19.0072
19.0072
19.0072
19.0072
19.0072
19.0072
19.0072
19.0072
19.0072
19.0072
16.5
16.5
16.5
16.5
16.5
16.5
16.5
16.5
11.2297
9.66461
8.99183
6.5907
5.42677
2.80498
4.82533
2.80498
2.80498
1.98849
1.98849
3.53091
6.01239
5.42677
4.82533
4.82533
16.6
16.6
16.6
16.6
16.6
16.6
16.6
23.5291
11.2297
8.36045
8.99183
8.99183
4.19786
1.98849
1.98849
1.98849
2.80498
2.80498
2.80498
1.98849
3.53091
7.7565
10.3993
11.2297
17.6
17.6
17.6
17.6
17.6
17.6
17.6
17.6
19.0316
19.0072
19.0072
19.0072
19.0072
19.0072
19.0072
19.0072
19.0072
19.0072
19.0072
19.0072
19.0072
19.0072
19.0072
19.0072
16.5
16.5
16.5
16.5
16.5
16.5
16.5
16.5
16.5
11.2297
8.36045
8.99183
8.99183
4.19786
1.98849
1.98849
1.98849
2.80498
2.80498
2.80498
1.98849
3.53091
7.7565
10.3993
