3.75197180994
1.83589991526
1.31398311174
1.3442808879
1.23784460317
2.32464730609
3.03672416981
2.22829618887
2.41352403597
2.41616260972
3.81401912046
4.65402153289
3.87136130822
4.55482020336
2.05165024782
2.56131190174
2.66392374636
1.29402925856
1.2589818843
2.38377679638
2.35465668203
2.43906650676
2.30131860864
1.20533067268
2.24847772671
4.64165485037
4.59387359983
3.87908830225
3.88028282919
4.67995134463
4.0907446752
3.94472605461
4.62359891678
4.81268940965
4.11382727296
4.08970959148
3.29919122697
3.96274629633
4.7303707692
4.67510390992
4.60398825983
4.02895815831
4.73058918747
4.79250111105
4.68222166156
4.7027802097
3.98811459597
4.03821236476
4.08910723819
5.52598359556
5.57913197527
4.02021549247
4.0185982601
5.58942571853
4.16852717416
4.79698929643
4.70059090533
5.51863603456
4.91092130966
4.76735915372
4.70084870227
3.50603049727
4.03778607875
4.10573678747
4.67242661125
4.11959879783
4.65578689382
4.713064512
4.03904206515
4.69475886921
4.04485671156
3.96237367081
3.42840303858
3.91214821266
4.73008229921
3.30765797302
3.19678490738
3.24913287542
3.20999245924
3.99564860985
