3.40383759866
1.64385396115
1.60162194105
1.51733209559
2.24040526194
3.06833256398
2.94388171668
1.151296966
1.45972742026
2.50741368808
2.6607809555
2.86669756843
2.89794248531
2.88463438695
2.33943964317
2.84996666999
2.79652741921
2.18577164265
2.1799903531
2.15707070119
1.16584479718
1.11714689061
1.05475235555
1.88966118367
2.04829495997
0.992319591377
0.796094834356
0.801118306288
0.782141459943
1.22431612171
4.72806610795
1.02792969712
0.947974572087
0.709066611193
0.746024732187
1.37631605636
1.37717772836
1.23940471536
2.06129560053
1.79229679617
1.64776755258
1.25090296125
1.29393171779
2.00898051552
1.5825285203
1.55932438062
1.96047416646
1.21182492431
1.17110347719
1.70436095984
1.81316735923
1.47602529467
1.5679976168
1.3929499759
1.31200223928
1.32170235688
1.25521545947
2.43421062089
2.60211706102
2.65515651969
3.3650198494
3.48318047842
1.70777891332
2.25342974099
2.24647754255
3.74920954042
3.70983705477
3.44830247127
2.00737455355
2.08423083375
1.56009362319
2.93490448515
3.85975238808
1.94827413234
1.69664273181
1.51426270068
1.352139652
1.396696628
1.93060533505
1.50181296251
