0.808859255206
1.35226009392
1.47922634413
1.49973702119
0.852163041225
0.608389900054
0.625236952368
1.15123685026
1.24191477493
0.787128314335
0.766863560797
0.687597143983
0.661774888734
1.09015997084
1.09043293596
0.475546615055
0.529185060294
1.16786743878
1.41338965499
1.39263782919
1.29361901222
0.587107807537
0.558848203355
1.16765949379
1.27584946013
1.19373933378
0.573886145471
0.463903151275
0.482782946529
0.488067903903
2.56358897801
0.718883591512
0.639944295366
1.051434294
1.17575820698
1.28843254295
1.29113908618
1.1965524032
0.694659429078
2.55030342893
2.05094822655
0.854957415185
1.18978707424
1.25192632534
1.43207594775
1.58649009076
2.03188330366
1.33406592179
1.22951047147
2.40958875548
3.32680127785
2.8377332646
2.85462329467
2.14846533594
2.19916517467
2.89512216897
3.61890779339
1.78077736901
1.06705197229
0.962333554686
0.951792873142
0.930299334372
1.53126827575
2.07590406629
2.04885052217
1.98472981659
1.87548923517
1.97538388204
2.09190011935
2.23250750587
1.71244842932
1.68564264909
2.03702762966
1.39792888075
1.29323070724
1.31126488283
1.39067362899
2.25109015048
2.35060074959
0.996588021062
