1.07125428513
0.612943230326
0.637697810753
0.522327891788
0.432592982563
0.960819222731
1.0497965675
0.600070151888
0.484723799371
1.0150033482
1.02624562314
1.10245624167
1.09316802634
1.07370514189
1.12535596405
1.10934034371
1.14083042976
1.17682329523
1.77020766341
0.777221367847
1.18777085264
1.80471174773
1.81796078326
1.27156413661
1.29561462173
1.22002654947
1.25409789471
1.31556945562
1.25442798119
1.23995685425
0.74167666054
1.1113088553
1.16164337696
0.736496829549
1.09624531872
1.11799547787
1.22643898476
1.21101861013
1.13990022304
0.660875600364
0.63918035805
0.57834906953
0.598236419763
0.633206559332
0.533428839973
0.4335327503
0.920413615128
0.489793536282
0.386054803959
0.967188295883
0.537528694068
1.03708812475
1.07654371422
0.607805107548
0.500962678295
0.438434617247
0.373174784696
0.517632315543
0.486566646558
0.433682415149
0.466416768822
0.353727463273
0.288941631028
0.314116221603
0.383270734364
0.354982579268
0.246814037606
0.95609925168
0.95536461336
0.928451142704
1.03707159332
0.563090625324
0.523593235484
1.0912385279
1.15289366396
1.80259160227
1.22626441279
1.13566557056
1.07778958368
1.10760709222
