0.239377277242
0.291732507698
0.225728743939
0.24785143025
0.265631528364
0.207919377419
0.157868278185
0.122092467068
0.158812027538
0.121723654051
0.151601016107
0.133451455582
0.147933914124
0.832285104582
0.279776903383
0.144413027778
0.116350297059
0.142800482969
0.179946599926
0.176082152984
0.208593283215
0.111572975715
0.106245570225
0.102672786196
0.0605896452864
0.0987405537855
0.0972950899112
0.17144783267
0.133373948387
1.29946138377
0.261909447196
0.14052173115
0.129740920341
0.182058931464
0.219822595523
0.351854414457
0.345532724953
0.157953890363
0.629951184719
0.244566329381
0.15886495573
0.678430449619
0.835054149951
1.56908053415
1.05343573148
1.39331556766
0.40450063119
0.292827273326
0.893358396368
1.0439816447
1.04229661729
1.07777809485
0.999031234444
1.28973542448
1.3639531742
1.53729638726
1.1791932388
1.68724272629
1.24972536143
1.13520348314
1.12430278636
0.519404740113
0.896080228657
1.06864686945
1.17954122655
0.62549445293
0.542688394667
1.05004480185
1.61881098535
1.12746753007
0.540378754525
0.4622189159
0.418996587041
0.424155332856
0.49934069013
0.51857629097
0.416995565151
0.37748412985
0.844735672599
0.819422404462
