2.20245439615
1.88729281432
2.91386417896
3.14833613854
2.48388116533
2.28606629052
2.15444342901
1.14499596913
2.5541681315
3.33984250797
4.33903954797
6.06598452769
5.3634251917
5.16726819235
6.01465408049
3.34765042289
3.29994357154
4.76793767913
6.1684518524
5.25518712099
5.04788698375
5.41133594826
4.04961308184
4.7359223098
5.90632508318
5.36727518615
5.16785345929
4.80695585348
4.54097882061
5.05145047878
3.45673022156
4.43276030655
4.09835501939
5.11486985773
3.38751837204
3.45600878936
2.59068480446
2.39411167102
2.23693041368
2.43961043054
3.09875666298
1.20169742112
1.19248178343
2.2800286682
2.38857287871
2.96511310826
2.93074566764
1.07723604016
1.1018230023
2.81502228047
3.9167328373
3.22887882363
2.91535073074
2.71133849901
2.68234514715
2.32742123551
3.74612352477
1.36667968277
3.13952699251
3.86681295105
4.55793401324
3.34744301484
3.72446565589
1.92058027135
2.2904352909
3.19639969727
3.42706519007
2.63225560562
1.3772428938
1.15208442326
1.79557165699
3.27448581724
3.48059577116
1.13371181381
2.76414326612
2.96709074377
2.40722096048
2.42722203346
2.18553474513
1.10848058687
