1.34617869707
2.65128622674
1.692728126
1.19726388517
0.928289719362
2.02103590291
2.05094900397
2.62660019828
1.75670285101
3.77742947367
4.75157738595
4.43545817041
3.98719480408
3.59699804958
4.04380215196
3.27944764596
2.42494634682
2.72840636979
1.97625726736
4.3285466024
4.84727609353
5.08085524488
5.10384419146
3.22771330294
3.13810582854
3.87627051192
5.18656956708
3.9059447772
3.73907609199
4.11271574801
3.33849766789
4.68749273717
3.3083965674
2.72849405737
3.51593562234
3.49592554344
3.99794535284
2.49795849742
2.5692695444
2.50407839991
2.68429864198
2.3320179036
1.42780956911
1.33488172397
1.39978842302
1.30798430788
1.560537233
2.37661107939
1.74216317513
1.71119915513
1.77670940648
2.67678273084
1.72859657354
1.50530157758
1.31399964179
1.13666970943
0.893830074954
0.893034299248
0.787756673188
1.49259933044
0.742935324658
0.923710600409
1.03335759988
0.921347080478
0.749055748365
0.687661316292
3.43151213791
4.07598363857
2.76466413208
3.02005011462
3.30433131163
1.38029983606
1.55273095306
3.56788373544
2.80568374556
2.30065656702
1.80614269091
1.17317811995
0.994987069605
2.81003352137
