0.292813330208
1.77039341493
2.10127172951
1.96095943073
1.1759455233
0.958507618171
1.00088215931
1.07229501093
1.22237194794
1.24313912256
1.91815615445
1.91221330205
1.86960489335
1.82102140548
1.14529314173
1.13161026212
1.28542859841
2.03446849769
2.03857594956
1.25793041197
1.51453977729
0.982242801913
2.26598443152
1.956268749
2.70462875402
1.57194109742
1.95975970134
1.99196467838
2.5639757642
2.55164998626
1.33422330238
1.2655814299
1.43300591491
2.71912653509
2.19421172907
2.64259067276
2.61700191443
3.19847911032
2.01356320299
2.56908924972
2.75033629353
2.21237063053
2.83773996897
2.91923955324
2.13858464292
1.99618911694
3.20131838325
2.80914502575
2.17659032807
1.02742969537
0.930232321828
2.26601667169
1.75963886645
2.00185045451
1.24474832079
0.568661316914
0.573793049854
0.643510490328
1.55552023235
1.63239100155
1.5342877298
1.25672547067
1.6677737811
1.10437344147
1.01780156584
1.82926540925
1.49890533691
2.11965447556
2.88716449589
2.02262111409
1.15446017723
0.512120616672
1.10057872878
1.42585701104
1.65208765373
1.40650408159
0.652580535158
0.478951646874
1.43509313941
1.76579465699
