0.100578780131
0.117373880363
0.670638221947
0.830711912861
0.337411436875
0.181234972018
0.154631141091
0.206513514453
0.928789997403
0.477285052254
0.292000687605
0.234377795594
0.204993291196
0.671791905426
0.329055090746
0.261562143019
0.303908221842
0.869178820215
0.923735054632
0.724019043863
0.676800368419
0.748952082485
0.846618349385
1.01630356346
0.585703081986
0.566016304782
0.452761665012
0.421259828667
0.933783251439
0.870300453439
0.776781201027
0.726878218283
0.356849205704
0.370971611481
0.495195309104
1.32993408574
1.2737959412
0.504854324817
0.605532496023
0.651512133006
0.742029751097
0.432875651768
1.0703518647
0.835990146553
0.74818108293
0.607873827853
0.898838558046
0.376034463146
0.553988191927
0.341504789379
0.919388358997
0.551814155743
1.05045132293
1.21320845074
0.538552835948
0.35095922976
0.303814690834
0.914765947439
0.48928404941
0.320216280886
0.322968759446
0.978519300149
1.02358070577
0.929647500251
0.416187528326
0.31522309421
0.815655443964
0.547438317683
0.474843278944
0.393037002628
0.337116807304
0.310644704601
0.28384513345
0.235361084288
0.811209706636
0.952062824333
0.432600055482
0.759653977482
0.402566585067
0.314435179792
