1.62074676324
2.41259760602
2.53439435937
1.89649037867
1.58297658073
1.86579898092
1.19886391509
1.91248486302
1.6871152235
2.0548125753
2.34205340977
1.78444450497
1.48200094295
1.35231405307
1.72706116696
1.77582998405
2.11041538624
2.51732602646
2.20871819976
2.54359442024
1.85745900722
1.53351847295
1.52124241425
2.22640615673
2.59061467293
1.92981072291
1.72473040573
1.37838972876
2.00857795392
1.71076185668
2.09135581432
1.85120766514
1.8348717809
1.92963057288
1.62887655624
1.51309249378
1.69011251788
1.83306693729
1.72073862316
2.39535347314
1.48032776032
1.78392453916
1.59724855355
1.68254171141
1.45729831023
1.76082695209
1.6838998602
1.87347323854
1.7291409176
1.55055185641
1.66950567064
1.60967354447
1.87532945859
1.73800081617
1.64416723118
1.56921521083
1.85110074618
1.65725663618
1.38005353301
1.31018029368
1.17092806794
1.30488814413
1.53753135461
1.54981321378
1.48462279572
1.20380666355
1.06043435212
1.26083598291
1.72907748706
1.57783945925
1.69599561487
1.53267089077
1.79837998368
1.59340261653
1.54085122645
1.80563384641
1.88597707291
1.45667599711
1.44193647804
1.63963705353
