6.22593048677
7.50240126058
6.31386997925
6.74352640563
8.9072030744
15.2551979194
18.7560031515
17.5465865614
16.548999979
16.0199233335
14.909198754
13.844176567
12.5041477697
13.9329142617
14.8691362005
14.9401647415
14.4021489229
12.9023820995
9.43946092085
6.78223369964
7.57929740488
6.39043310077
6.82233191159
6.57257592524
7.18132095272
8.0146441053
8.00794570381
8.69211877336
11.9812588931
14.842846898
15.3040543382
12.7401964046
10.1486471408
12.5233192264
15.7440462804
15.3924933986
13.9287610729
13.0917781442
11.508931388
12.1798313286
14.0987634053
13.8341648942
10.9130807873
7.40002364511
7.72097877672
8.14183463047
5.92564571979
7.50240126058
8.51600715983
6.49834072877
5.98583201569
8.60148501761
9.007929163
11.7918624515
11.7947650927
12.3171774797
11.5549920846
12.9803691921
14.2362560367
13.497801577
10.0539933079
8.14397772098
8.31270539098
7.13715007986
9.25282078908
8.13122411617
7.21292859069
6.68987471403
6.98388807728
6.29834369532
7.2541926622
6.70100641378
6.90120542103
6.59606562191
6.03882076703
8.2246651214
10.1487304901
9.78265692142
9.62788967806
11.8926022238
12.4275119794
11.1383974043
11.3691648178
9.96534484439
10.9191129008
9.20707151707
10.6972010306
11.0595597251
7.77973822389
6.65647762355
7.76633569489
7.59842029645
5.84489225288
6.32927114614
5.05895139615
5.02207923087
5.46829741459
6.07872160285
5.60656319373
8.05211308202
9.92807955522
9.37940161244
9.98369948372
9.75365505829
9.86335451845
9.81589426399
9.93698963726
9.62597447639
11.744141833
11.915894838
8.69543040739
6.9732832679
7.16643424628
8.11918155614
5.68708971883
6.81575377483
5.85767609201
6.15506493064
5.85937228039
7.24399867821
5.79285086385
4.26692988697
6.78020690412
7.7989564076
8.75372331293
9.98369948372
10.2961947696
10.0878756619
9.82781745333
9.23959325042
8.66768463388
8.56661759013
10.6959243165
12.2660863216
9.353707628
7.61881045418
7.07640949107
8.15301721533
6.32484055433
6.49935521528
6.97918761854
5.48150542409
7.17228889903
7.38097533944
6.55472410202
8.52669814531
8.94982361873
7.8127359745
8.80479533278
9.09568896357
8.48393111744
8.67810102494
10.5693478462
9.6646934713
10.6608851837
12.8889006113
12.2726881651
11.5463194705
8.96674021719
9.16112484245
9.21644389772
7.92341883176
8.76834738939
5.83085053372
6.22760574681
6.05523011231
5.56864151664
6.32623850845
8.96073154124
6.56517240714
5.34887968596
7.4310362631
10.0390112615
10.6220424643
10.1779233451
11.3969656564
12.211691664
12.9299101814
12.5089096781
12.249218704
11.5261258822
10.093805704
9.30558349138
10.0748980632
9.97912655157
7.83144890438
8.19208521618
6.61122646175
5.84668427668
5.48282268143
6.15921034559
8.32316690281
7.37060128069
5.62288929945
5.22590049566
8.01568244402
8.41384630495
10.1487304901
12.8101985526
14.0321732933
14.7341241985
16.4794719184
17.1581994708
16.2010968508
13.6808662654
12.4094659288
10.3070402589
13.1836284988
11.8128725352
8.0146441053
7.17566704567
7.99674200112
7.28767596109
6.48727104455
8.20723194314
8.26039362747
7.7151005558
7.30400538568
6.88091782198
7.58842709422
9.77826588252
11.1229259162
10.4057990374
10.6206046439
11.405392549
10.7470946254
10.4179743325
12.558256561
12.314683289
10.1245101274
8.68903436662
10.1797146551
10.0298592738
9.18057576909
7.52773578063
6.7470768854
8.32316690281
6.04941891587
4.8076249846
5.4441269489
