5.87053745172
6.98257553408
7.09782804438
6.80045938146
6.60930761894
6.17298687858
7.29455577187
7.38227410593
7.86016725864
6.63821444135
6.24759781668
5.22086220063
4.50313782553
5.59838497858
5.33974868063
6.2467201428
7.15972409696
6.21246725894
6.65762356379
6.98762211961
7.04684254578
7.30228067478
6.6560831052
7.51741430939
6.97350460743
6.82396773914
6.99963949131
7.66930806909
7.59914409325
6.35222091739
5.79594166138
6.63030645519
5.11264655738
8.34578284632
11.6319045201
7.1898417328
18.3354439519
19.0875193309
14.4253063699
7.88915532285
7.92189908006
6.83540616193
6.87468175017
7.8012411299
7.53079455418
8.89386109968
7.74774495172
8.14926911362
7.65614554922
7.51452555708
8.98370392761
8.75281864995
7.82648516308
9.02437435864
7.65395455683
8.76503065977
10.1372181506
14.179296546
15.8964574136
16.3060149905
15.2889768133
12.5427970345
12.0815141744
8.30834756318
8.70081605462
7.71416060589
7.35129309201
7.1685239291
9.00710393879
7.37921241358
7.30291338643
6.90094805076
7.55731795923
6.42164066185
5.7118944063
5.62688250723
5.11099119427
7.82893976627
9.42307531999
9.13585532073
9.69039094285
8.01737294573
8.20857796833
7.22706039636
7.71489390937
7.62351694344
6.75259489003
7.46715423471
7.58161790457
8.16660436557
9.31238559443
13.9445921711
9.2520840134
9.91487117364
8.07974096941
8.52332441452
7.86614998861
7.33130035839
7.1727425415
6.73128522978
7.30914271111
6.6386660985
5.80806131091
5.91499541953
5.93030425772
5.81496066927
7.01914870186
6.38251471407
5.82774413902
7.62418633563
8.25247859404
10.6896298041
8.02191018333
8.18525332036
9.40354905357
6.63454978721
6.64917041454
6.41728206334
8.3858777964
9.07542999657
9.90934866525
11.0353810892
6.32147755353
5.87934328724
5.95011730276
6.46882667152
6.39968342119
6.27951913712
7.1741262791
7.10235418323
7.25301779403
7.49669526342
8.04543155477
7.33626801177
7.45510796458
7.78751303594
7.36718045347
7.0187798993
7.16571046171
8.21955837759
9.27541635063
8.140360871
8.32041227326
7.24591013511
9.95812890286
10.6523492277
9.93396005272
7.41706117913
6.50829653081
5.97605102327
5.9970838005
5.39150456928
6.56393856599
7.3836830564
7.1004276097
7.02177833109
7.12104942802
6.73862308919
6.93343741028
6.63349950137
5.81709644927
6.31715329568
5.77705541514
7.59768274081
7.75198595787
8.71854545056
11.1085951672
15.4123394776
14.0494308339
13.7941967634
11.1092843268
8.14530941791
8.18796005577
7.03997519999
6.65455090719
6.56421203922
8.28546132092
7.21643908507
9.25646205484
7.62845552808
7.19811574378
7.58278489575
9.81359557343
8.03116078278
8.18525682611
7.4836669843
7.3359596443
7.04889653179
8.53126168272
7.85211290617
15.6439159466
17.8488050556
13.9456701691
7.0075344526
8.36855216272
6.52118070906
6.12780485241
6.18224385403
5.68717074691
7.88450264826
6.9609977619
8.12062894317
8.55056904746
8.41680395807
7.48935964977
7.08584419765
7.12827371218
6.70723012698
7.0413232666
7.03661142671
6.501633587
8.02906175251
7.36891012834
7.76340900043
10.9791210293
11.4188944636
14.4650824871
7.95655404092
7.72120571234
6.45216249177
7.13448504453
8.47588850688
7.89976049318
8.92750240092
8.55946884788
7.57553383677
8.36487943002
7.68009968261
7.38370185508
7.30353188303
7.45610766143
7.4881417528
7.56817360221
8.07868117597
7.92919063986
7.15399994449
8.23898726699
13.8992952596
14.0500595023
15.8040199243
