6.23510931043
6.69145209218
6.27509762867
5.44393101211
4.83062144017
3.85634894399
4.87503614095
3.74790788721
4.21741867226
3.33855025599
4.64898057826
4.73337369232
4.80430736486
4.10802044546
4.44484303684
4.41497455521
4.8756618956
4.53300599413
4.66137951942
3.58297844754
4.20750592865
4.64959814132
4.84735832569
5.12318732824
4.76711877236
5.14102372388
5.5255093056
5.61649920262
4.12491941775
10.5043943282
9.46480469436
7.66863568566
5.81771013039
6.62708109954
5.07287870571
4.28533298903
4.22452464673
5.52425475589
4.54808919641
4.56879420983
4.43850329553
4.54845794688
5.05456469865
4.83131475839
4.73223801151
4.42946331822
4.48748739204
4.94193772469
5.63944707399
6.63146543353
8.00104311786
8.45440346172
7.79546342864
8.18336198652
7.17881602639
6.68637069872
6.04935317551
5.79013036906
2.87113719064
3.78595885602
3.97309488474
4.36348462212
4.9512360407
5.45881968726
4.33394977038
5.16362341592
4.96618986547
4.77265014711
5.08958951697
3.83735157842
7.01604645727
7.89748805516
9.32881429091
10.4244406295
10.7465063816
10.9251204932
9.82444432696
3.90658277826
4.66428460421
5.96652228022
5.8774917626
6.03790020615
5.9886613676
5.88071261336
4.60763995702
4.58812590445
3.71381487243
2.79912314484
2.8224400688
2.76760768853
3.26948990033
4.77766187215
4.4881806572
4.13294380019
4.1882430503
4.420621434
4.36023753297
4.29608773199
4.45554997804
4.14354504897
3.80648212721
4.4558344473
4.48751227457
4.96175023343
5.21830089719
6.30678755058
6.83824095557
8.3438243398
5.87284826253
4.44883096777
4.18426708625
4.02151900431
2.56851164784
3.82260478343
4.99332749426
3.82412073449
6.14446626174
7.12342215365
6.76534841062
8.90948458503
7.75842035674
7.09775712829
4.26506300861
5.35127274846
5.77390440973
3.74962184227
3.84987278668
4.67173560261
4.9289956431
4.98031722779
5.57739454565
5.28874700574
5.025922014
5.16636079125
4.05387463815
4.76438424832
4.73134131835
5.80116317673
6.57313749468
6.72503763188
6.37282070944
7.18433118541
6.93639158537
7.78266499078
6.86436327054
6.53337091832
4.39364047745
4.89745319462
3.56318969459
3.90075101406
4.8815152989
4.77745526317
4.33443208101
4.23642660661
5.70566769446
4.77561592518
5.16258990664
5.30070600199
4.89295926914
5.38693455106
5.01302033068
5.62451843326
5.30182517821
5.26219499678
5.47953235099
6.75826985627
8.19033658846
8.02698759857
7.20325036869
6.38517106495
5.14119336657
4.13956125151
2.80836270642
3.48446542189
3.68161867169
4.1032303177
5.19511849637
5.52687772735
5.36345871579
5.47955352633
5.46600649036
4.95888958941
4.44211205368
5.12389975245
4.64949092245
4.92118757923
5.31556631335
5.58876476733
6.39311648162
6.67937452678
7.87954860999
7.97185784843
7.13316579374
6.8108750157
5.57808313563
5.6602752506
5.29972634761
5.48056917855
4.81046355787
4.67956242639
5.55767695374
5.03690335841
5.50056499416
5.42545474513
5.35739618696
4.98207681539
4.67252874735
4.95909860764
4.35436292092
4.79479261689
4.70512493222
4.85553828475
5.71292279439
7.04515431629
6.87395686274
6.64904180577
6.9471622184
5.83060835304
4.60966036957
3.91528831753
4.21923726208
4.82713741491
5.24964471735
5.40061230507
5.15389615225
4.69914108028
4.5868435557
4.26667032002
4.38521891399
4.80970125884
4.45968467968
3.91560084409
4.1486594994
4.4120443215
5.03035839159
5.41891841748
6.18281960779
5.96824799465
6.86153760179
6.72626525024
