19.3707062138
16.6358693299
16.9681651134
15.3239338192
21.5870975077
15.2190373401
11.465036322
14.1848158841
9.95626054966
6.33379890254
5.0582453934
4.94157480082
5.26258241689
7.3520988247
4.63931442905
4.90198246607
4.60261529055
6.04643933896
21.0429760149
14.0157302684
12.5531013988
16.668231483
14.8000257079
17.058515285
19.612212069
16.3986555263
13.761619307
13.3847904195
10.8490978368
6.19882865255
6.21615787329
5.12461694537
4.45006674774
4.42764832069
5.14124186176
5.19932906301
5.33526832384
5.06867157659
6.11819020912
5.21875445333
7.75410546314
8.51163528405
8.63674118629
8.5088690528
16.4141662741
15.9014137021
10.7512012061
10.6706138204
6.55432861565
6.09617073133
11.6968800361
10.8379496025
5.50916520363
6.19588640499
10.133628511
7.35861793372
6.38372720284
6.33014637094
6.26277239427
7.37971471104
6.32920992629
6.22241745278
6.19596412685
9.45486658021
11.3256852527
19.1577245076
23.7495666377
24.6700403718
20.472709849
21.3055506493
20.9387478812
18.8106630286
15.658058204
10.1893226397
11.7029057921
10.0631016745
8.37020337987
6.37862048776
6.66924350538
9.75587755994
11.9899291671
8.52354641998
8.60532792992
8.91807651064
7.79382272381
15.2396852958
18.7077896722
19.7747961556
21.8032403666
26.7718352489
27.3338460624
28.2726203711
23.6090516734
5.59912779823
6.12707182819
5.19360288937
4.95845468635
6.95782379353
5.30954918574
6.7096290777
11.3039330337
25.6353984563
23.0308413762
21.185231622
21.3304935259
21.9557582764
20.9906397666
19.0133597554
19.6450022957
24.4235235883
25.2333616545
24.1492849735
14.1036190289
6.39624446081
13.5333106811
8.22379602296
5.60254809551
6.38500419888
7.57367158448
7.3730249991
7.2830791961
6.92411960293
9.13226281647
10.775035544
7.44226016251
10.1255187669
14.6638025781
18.4950317278
17.2986008236
15.1146332426
15.7523753231
12.922575647
20.8868024925
20.2423155608
14.2283722758
6.95009235804
8.91117731827
7.78065882268
7.16247294198
7.63306001486
5.70017457987
6.36401684103
6.04352442792
6.5964168289
6.45353065784
4.39319954964
6.13938976427
6.31235366044
6.00116758936
8.47724020135
8.55674756959
11.1853760173
11.4639108808
12.383717172
14.0588427713
11.2290162694
11.2767353375
18.4991938407
18.4017022024
13.7339347942
5.69295132619
5.9605974592
6.79735244614
5.4377839072
6.27558304075
5.41487276115
7.03057348176
5.10396975222
6.1633929314
5.26233497852
5.20839521188
4.66537528131
6.45771688865
7.52206242339
10.4004415778
10.6775819676
15.5524836912
17.9277710385
23.0913431544
19.1035863989
17.8546535413
17.331635134
21.1473299386
19.8366031639
23.2602532584
17.1853960827
11.7555766081
9.26035780797
10.1356144546
7.35632244588
6.29782775915
6.80681366525
7.44663633977
6.30899475256
5.64990785739
13.0243487541
20.2797080391
18.1212380508
17.9152283871
25.3905243043
23.695373839
23.5153257026
23.3597956248
24.1928114702
22.277503544
23.2279903439
25.6015137824
21.6131833465
5.86264481288
5.61890936475
8.2795191377
7.60665725149
7.16288027399
8.54773982142
14.5968460644
16.6880148232
11.1149066755
11.1155333978
15.1648392818
15.1469842134
11.5257411967
5.88244200844
6.19106335711
6.70881461337
6.14470668101
6.3242736278
6.13292266513
5.07036278762
4.83168799248
5.40274368191
5.23259660273
10.6089450203
19.7272677706
15.2869038266
29.3099940559
25.783740084
26.0147148624
26.6604466805
25.045852994
25.7170476161
