7.48703329239
10.3991450246
16.3574743687
12.0199573785
12.9762726306
8.9264906975
8.99725730664
7.83513643164
7.46455317841
5.71558356247
6.1123474095
5.47898096539
7.60554083335
8.50833683164
8.82857368582
5.41921457671
4.95910111717
6.35696460613
5.15142722689
5.30347096284
4.51041253909
4.86207814133
5.2918748993
6.00616521798
8.89098213425
9.34055969199
7.75219654939
5.21423386359
4.77082861161
4.28059984628
4.24183370301
4.61621966637
4.49388899143
4.87109649704
4.80725318707
7.24070475963
5.73207882494
6.76091604588
4.08038054603
4.32014161714
5.71604220491
6.95491768373
6.14832517108
6.63280377721
6.08373182853
7.81422234821
6.08422424988
6.60588466527
5.20774237263
4.69185425299
4.64289177536
4.10793947973
4.94912473432
6.87807776191
5.96351076707
7.19268819628
5.91835967573
4.3578849551
4.46901858585
3.93542441564
4.35587739288
4.0250151178
4.12640824348
3.92574027034
5.26268319219
4.84080169569
5.61673240696
4.06141925404
5.08760151005
4.31897448605
4.17348235749
5.12168945927
5.20345282285
5.37612493689
5.35772207463
4.28795458402
4.60236482182
5.29292569257
6.39941122413
7.24275094211
4.16599652702
4.13486741476
5.5748900377
4.79292347548
5.0727077852
5.25524428781
4.84592743574
4.74661457571
7.27210268161
4.58206080141
4.15071202442
4.73942368487
4.13805131226
5.31000453587
4.78374011676
5.63023627616
5.21045072829
6.25722838603
7.30973765786
6.60999258005
8.10006248372
6.94355251142
5.95443070585
5.42544017426
7.91037952794
5.28407612838
4.54882815693
4.77318978283
4.40033947729
4.54605322455
4.79547515343
4.88940424244
6.29393952706
4.90617917904
6.12126862519
6.08245499128
5.43108108239
6.29459685581
5.80508333254
7.66478751563
5.81059693008
6.97552600625
6.94879134266
6.6198795481
5.23947376008
4.52397350016
5.65085314938
9.73061475388
11.8007857165
7.88756583647
9.08259499816
6.72800260566
7.76268094206
8.59219586434
5.37729104995
6.14054481393
4.64958490011
4.53852179311
4.36436093541
4.49002560701
4.43164062859
4.39501917903
4.39336021645
5.35171262305
5.29432699963
4.105402632
4.90377272406
5.36768011195
5.72686019022
5.00934674081
6.00145922737
4.91599782178
5.54219755764
6.49568105241
5.49923131023
6.09017604813
5.75150693789
5.37526712526
5.58463974475
5.13034033526
6.57057766042
4.5150743896
4.73374213956
4.58544179152
4.43548412629
4.4832660115
4.18850227448
4.53223814468
3.9728917956
4.15299412138
4.43351925997
4.78542518025
4.35340514116
4.08104809496
4.36662407832
4.1032713775
6.73935541721
6.30214980463
6.09498267002
5.22732579906
4.62039381289
4.05921955382
5.04551833867
6.1998274444
5.87660145602
6.52533967318
7.95972293092
7.37226672046
5.78559063708
7.11063006414
4.96921512708
4.72489025976
6.62769304933
4.78280916043
4.57914496885
4.30736330768
4.19704054507
4.17568109563
4.3331177535
4.27398012218
4.40754064085
4.58227170723
3.78986671548
4.40039981669
4.14968829469
4.13167545292
3.99135831747
4.64037602761
4.62696122364
6.32541749158
6.31755316398
4.8516331737
5.88378736752
5.98177860968
5.49228365938
6.24269996665
5.13541803389
6.3551289203
4.4227388286
4.47913114172
4.2517700142
4.05443049434
3.9069057492
4.07362674133
6.43832043723
6.67531610192
4.11301680215
5.00786085929
3.77386374408
5.02719017598
4.94582892191
4.85766689398
5.23988043908
6.89466849626
5.53173407788
6.74403529558
6.62671930726
5.56363526482
6.12860981725
5.89514212346
