5.10562315053
6.36009992602
6.66172874559
3.15315534482
2.75418328275
2.44037675126
2.75941662988
3.62797401955
2.98689408021
5.44343970194
6.88008446128
7.24050153892
6.24275365276
6.34565957078
7.3754960398
7.9918396764
6.11831667404
5.94805692305
9.09940106556
12.24614828
10.8768763475
5.19080683753
5.07664354796
3.75738495258
3.61804802485
2.81527783381
3.50743783084
3.02843091538
2.12634303018
2.81183807577
2.26211276533
3.01591359382
4.80707013426
5.34197339884
4.91556593873
4.94462081459
5.04751751157
7.41522934404
9.01941736234
9.98449307042
12.4834870008
7.26548760966
6.48748750048
8.11038093709
3.82257635084
5.62639999723
3.63501820751
3.1487680267
3.27030243937
2.84853705271
2.43499298918
3.11086797738
2.86956385123
3.30725492468
2.67884964036
2.27957923528
2.20998412859
2.32077654493
2.56477110786
2.41052468194
3.11259224175
4.29818735274
5.89356936227
8.54465012476
7.32430469848
8.92777426384
7.2014501018
9.31370428172
8.72298264955
17.7248803377
17.8187196614
14.8918598823
8.95316718694
6.4632611761
4.14276666225
5.24487550306
6.78016142514
3.23251980648
2.95444434796
3.26074401699
2.49595866907
3.19377047224
2.69979945884
2.74721480986
2.20022924514
3.4404156346
4.08940570877
7.06953334477
7.76953247194
7.26147034188
7.72475912454
8.63224240727
12.4791854582
10.9521357304
7.97683286832
8.48658847729
6.94997831785
7.08621634757
5.81861266398
4.15507554514
3.47173949178
2.75705684952
2.60765481693
2.91724549866
4.05546720988
2.19555788567
2.64596063963
2.17010094949
2.42455451918
4.14214917972
4.78460310827
20.923476777
19.75009672
19.6173070238
20.0506955172
16.8983594385
14.1669549266
2.62222096029
9.3877036384
9.12132481839
9.49428162077
10.6614579217
9.71643379421
9.54589729576
10.8881400478
7.25962420327
6.78115837289
10.0178887758
10.4446940134
7.23376978059
3.91181220909
3.83757855189
4.8086140741
3.0274339685
2.72827836557
3.10692136385
2.24591498143
2.20918987882
2.65443485058
2.35259358446
2.76233182169
3.32218492037
3.92849473073
4.61487257844
4.94751070659
5.75323149934
6.66012472613
11.9264390526
6.98081047605
6.8321678033
3.98260598764
4.18892925915
5.3908236015
6.45542989041
3.95874601133
6.52329906282
4.1111724747
3.02367381148
4.00087300118
2.87497780869
2.33684289963
5.89184776343
5.74579803683
5.26643325048
4.43238729068
14.7034014423
15.1788265995
15.5335915321
14.2120332061
11.0683737738
8.43464482419
9.10770147705
5.26057401918
4.604606164
6.82703214157
5.2400324467
4.71634179823
2.50435140585
4.17080707122
3.07512795127
2.92420992568
2.33288569281
2.9728798695
2.99154916276
3.02190686846
4.56378414878
6.18839954549
6.13938326201
10.278842369
16.2708924053
14.3555151678
15.2146018073
12.8312823408
11.2137170051
11.4283448649
7.27342519794
8.78763546952
5.95023881952
3.73536870053
2.99951875958
3.22138823916
3.73681746724
2.76790578512
2.40735895433
2.20826087703
2.19992277333
2.20687584643
3.12706538012
2.78747647897
4.20031027758
5.03588863746
6.63995616431
8.64786684144
8.8161622749
11.476350145
11.5160523438
12.845958239
9.71811131524
9.30407404261
7.67060445475
4.26921046787
3.94860719287
3.65206814502
3.96924951448
4.43336832044
2.70954594026
2.57074651344
2.41004633466
2.22030461677
2.15458688281
2.2725356825
2.65445395945
2.95288806091
3.26632031719
5.41005605132
5.82735008947
6.49928218559
9.50629030538
8.50679404343
9.62998771402
