4.58699611374
4.70663969385
3.23335399483
4.22022301115
7.9654336737
7.46673329119
7.19539172119
7.54850073747
8.49031503625
8.27448032565
8.02756905949
8.30661910702
9.5434391863
10.325703829
11.2459730333
10.8822756736
8.73885372301
6.89652201496
5.72641640336
5.93566215876
5.13043131005
4.93268810003
4.17841908597
4.33003528592
3.88928546576
3.62479340254
5.26771414211
4.48343132331
4.65218024856
4.44486599346
6.05005421224
7.88212012322
8.0755136877
7.70847226488
10.4401423401
8.914579686
7.45391183777
10.4435066287
11.835610862
12.8087976259
11.1927939112
11.7021845074
10.3743941348
7.52739055287
5.71605324518
5.11584753714
3.85425281589
3.53076566712
3.02071919757
4.09924990747
4.51706330476
4.90942174436
4.60079244215
6.11523253043
6.01388200319
6.01090873822
9.03150360981
11.5370762095
12.6298026549
10.9825011947
12.523732394
12.0035166585
12.8363911222
10.8624552512
9.94261629496
8.11110563708
6.45990576128
6.78782897193
5.37358951496
5.2545865194
4.3898012209
3.97148750397
4.32461867355
4.25350295633
3.89260755946
3.96101811446
4.17855764859
4.59001662067
5.03883842944
6.62854630368
7.51986807952
10.193808062
8.79316753333
8.3894618488
7.8320124283
7.29976023484
7.05605429479
6.10592517167
5.27467073743
5.31188487123
5.41277670895
3.85628404191
4.79210566389
4.4698152874
3.65140629504
3.69941491335
3.76934513285
3.4988289128
4.01676289429
3.87064744838
3.89076388408
3.81068420528
4.80943240434
6.25204683788
7.67133001733
8.13136379977
8.03208065157
10.4749521676
10.2981396779
12.9806773223
15.1453798237
10.9678998872
7.6417876841
6.06570637031
5.37842349613
5.16720048615
4.62391485683
3.91969370662
4.16372108082
4.0733490178
3.75507334272
4.06465148388
3.69248844488
4.55286670422
5.13267757639
5.21832066803
6.73359621663
8.6513531554
10.1929759299
11.815734271
10.5006501969
9.14241081063
9.37750278426
11.054230726
7.60415365069
5.76901535927
6.19739092004
5.20343282508
5.20563457291
5.08759911969
5.68857998652
4.4628126274
4.17133717382
4.09460385746
3.88555463595
4.21664858215
4.85152941826
5.03641557812
4.64799340875
5.60214120058
6.29294423732
7.39559134398
9.55147124036
8.4503820387
8.58533733386
7.95951350413
7.26901589951
5.15521973477
5.09677902671
6.56816047769
5.44397597838
5.23974619692
4.91222527351
5.10423963862
4.57020324064
4.65497465744
5.63470080797
4.79660637132
4.19509051082
4.81881326002
4.04755312136
4.25618010912
3.97608275343
5.26428731402
5.41698932068
7.19043038353
8.26882218745
9.27019571272
9.97636254433
9.79926404597
10.096125559
10.3342226356
11.6948367622
8.47289275449
5.75695004272
5.49990411371
5.1956757119
4.99076863952
5.51163403656
5.30114065927
4.23305407756
3.47224661056
3.87583538307
4.45386103923
4.91512774644
4.45314443794
5.2347785701
5.97261778306
7.18325277847
8.73941715464
8.71006153365
9.76888517739
9.58997318005
8.29173876601
9.22468296383
7.74254692928
6.35344148037
6.28000599668
5.16778624382
4.81260707438
5.31359465765
5.91325932776
6.20864059011
4.79800626384
4.20229325906
4.52343209857
4.68273445792
4.87338721873
5.33642853954
4.4350836226
4.82685094168
5.61740562251
6.47373491731
7.77477251583
7.35552611597
7.48081118054
8.03395723633
7.06034506338
8.70297273634
10.5804516509
6.72112800396
5.84076611588
5.60581611582
32.3629001555
18.8567156503
12.4563459466
13.0963258048
9.86588688856
12.754727682
9.9820222841
