4.20423153215
4.46002928087
9.43780507325
16.3406854372
38.8506959649
8.31478826339
12.567483364
7.09422200713
6.21057630659
4.42008144698
3.72518217174
4.81015644585
4.69595609165
4.22558321631
4.02895150807
4.215870183
3.3686935993
3.66404356744
3.75312119321
3.21180717596
3.63427283852
2.78347479534
5.63692170793
9.64794859655
11.4429488997
20.5151286433
18.6384497619
13.9635989534
16.4699555726
13.7531283367
12.1072583361
13.1219606426
6.83251284328
5.78395847998
5.09845310802
6.01397124457
9.99740094619
15.7521492783
3.7158930559
3.24603061166
4.12751505237
2.98351901284
3.56152173101
2.88983026282
3.24239833099
3.64987350297
3.74518142287
3.95059233076
4.29520544822
5.7971052717
6.53910651946
6.24818272311
27.0193114495
11.6182476902
5.3741137029
6.76770279595
10.2408158715
9.41572700243
6.61508962915
4.02404734451
3.88015897193
3.53124885082
4.36171080757
3.16007167206
3.26766850765
3.0019679658
2.93830871161
3.39580821858
3.68260962733
3.31140017757
3.11095415146
3.24730495769
5.13565784511
5.05345217167
5.91174716876
6.54777927323
7.0398563596
7.21528226631
7.89311335693
6.98891589704
6.59680551189
5.44121967147
3.13752300411
3.0706262017
4.77518126416
3.81610749886
3.24100335488
3.67256979885
3.65269986859
4.03288510618
3.33531086195
4.36384071619
3.48892654662
8.47592096606
12.1954469249
12.5641604032
13.4739055348
16.2312532831
19.2836872346
21.2100393799
21.2695346426
21.4381845088
19.2437369699
17.8486419733
9.54404920314
7.47100223762
6.75878051481
5.89409199735
4.5803811993
4.39679788995
4.97024525109
4.53638748762
3.59517506315
3.76567580699
6.91248134663
8.26818091683
11.5395390846
7.87242559963
6.62080051634
5.7662548846
4.89124441371
5.16560042101
3.15520339044
3.36955928629
2.98844507142
3.53389456178
3.14096586088
3.39161297625
3.68458048701
4.56079828444
4.50794320185
2.96688354182
2.8112860438
4.13601026868
4.24718348517
4.38189427278
4.78906845373
6.20999537853
7.95477993026
10.8154022068
11.3743824569
10.4871780611
8.88866056978
6.25093956386
4.919282591
7.28886576596
5.25986393602
3.57567015095
4.62175320472
5.18083555509
8.97726355122
11.7465144656
12.4611562625
9.55497217137
8.12017722131
6.04017203678
3.90961486319
4.69973916438
4.73391499833
5.066828434
4.03455307244
6.68754464645
8.5953330956
6.39104281072
6.89790763588
6.4175128742
7.87742807879
8.3466520466
7.8283982941
6.94309406408
4.32427303236
3.22520077746
5.15864990367
5.24322822742
3.69884945847
5.52423836136
5.28500806801
4.25731018044
3.77222046765
2.30070802269
3.12268902154
3.95761692732
2.83070332576
3.80384594
5.32777249521
6.44246917786
6.07029830799
6.80156698254
6.68992034118
6.70157431351
6.38218979482
7.17582199029
6.49683845563
4.75098108884
3.84273144949
3.47075898126
5.93548269987
6.07082980426
6.17292836432
4.62466548238
4.11342100933
3.09352812734
4.06578207317
3.27594087546
4.07968939426
2.5355512758
3.87238311626
4.64039562252
4.86423625288
5.16420977913
5.32615782148
6.00957877271
6.2928644018
7.18052182897
7.4578719001
8.20326367324
5.92768171374
3.10116518287
3.11100846493
4.55386184346
4.67964650573
4.25533974214
3.41105278104
3.4730436991
4.027939147
3.28559836766
3.16850539384
3.39222595831
3.09136653871
3.70585416302
3.12250521138
3.83073580352
4.85428178789
5.22029462246
5.5752671228
6.0123834641
6.91589969174
6.44853200268
5.99833989558
5.05440725437
