7.30574753414
5.56298457967
10.9058978625
11.3639809938
10.3951668281
11.8493768402
11.9746029914
6.26245331513
6.84358738889
6.61166331621
6.6173405175
9.16973406771
8.87136264046
5.19023647951
7.6259708859
8.66561607945
7.28866777379
7.59645932659
8.13948583293
7.88567797037
8.75794140193
9.30413292134
11.746706356
14.588144809
13.489474158
8.47855687093
12.8688310616
12.4048136638
7.24198983869
13.7060679993
11.5986398587
9.69293881101
6.9766550105
12.3125617356
12.6629109553
13.0383267617
10.7500288686
7.39854446751
9.19731570742
10.636377255
9.7794997167
11.5812051274
9.0736186775
6.75173333208
5.97745309629
6.44720833717
8.03403067792
7.31534716088
8.69162985224
8.48087937159
9.76949914527
10.0325826088
11.3989194505
11.2545850964
9.03432426356
8.52989241668
9.40212784115
7.25056434511
7.89802625142
14.3482164199
10.2975250525
6.30645584139
6.27612535975
6.83943541664
4.66957846823
5.20256872699
4.40380150439
4.83394945423
8.13171609659
11.523589694
13.7156344105
15.157572603
16.9007581922
17.7490643738
13.4301480545
6.75013700497
7.34038259821
6.63447602315
7.08720057847
7.94152244275
7.97227009775
8.37764893189
9.94399052328
8.84862936284
7.96178472418
6.07756200627
7.2663207784
7.01928901509
6.53150141717
7.06099834081
6.77811498749
8.99079789317
7.84092702089
7.59633157772
7.01186019589
6.05082634517
4.91994389276
5.88718757322
8.29747935671
9.75517217753
6.31353883701
6.88926627025
8.27093066312
9.14182456376
9.69326657949
8.85403203002
9.443103535
10.0505628986
7.0461112113
6.03649832258
6.44787535029
8.36260773476
7.39221056857
7.21203548341
7.85436582571
7.04137918934
5.27580574687
6.30712963798
7.88529583631
8.8695606961
9.80430929332
9.4646255833
7.98411672054
7.92035201599
8.73774412558
7.10136938538
5.91869628182
6.34287757895
7.34984466497
6.87898165784
5.90025656393
6.8479444025
5.50066896582
7.60766689792
5.8704185493
4.75791151658
4.58106502917
5.10005361306
8.28564212108
8.57679193829
9.20385242228
9.38681307582
9.32865196462
7.20309390505
7.29925703828
4.92861341443
6.88857465259
6.47544179835
6.47080313018
7.41858625795
8.66197895064
9.89485404212
10.7018161084
6.47412175436
5.59781658965
5.17536710805
5.83293395502
7.33373025081
5.02633230693
5.77951151423
5.00847064402
7.89040755394
9.75605381539
9.13289303591
7.502328887
6.83317974225
12.6714358102
10.7799424641
11.3327196018
11.9818546455
9.53967799629
8.06381136287
8.23676252334
8.02015284568
13.9061947713
12.3869346932
6.79730630575
6.6263573718
8.21884771931
6.23139990279
5.39873545352
11.1580279067
11.5733670331
11.9644048181
6.08473849566
8.23772714102
8.53923727418
6.45600125505
6.56283570483
9.0144644641
8.36662493152
7.82403615765
7.76314997846
11.4701940922
15.2495562194
12.153855182
14.8973473321
14.1613351358
12.605455456
11.9425242363
7.58772629067
6.98501512552
7.02279637081
7.71075796301
8.06427711901
8.68186101189
7.74845056419
5.23375701177
6.08275716653
7.26818256378
5.28123342605
8.80400908843
7.85682337186
7.20515096003
7.29222090857
8.74639494567
8.0290448453
7.43701459563
10.9282687174
8.28787633443
9.84035855609
11.5608257745
11.1664369752
8.11805998383
8.86853814761
6.01693725054
5.80099923787
6.71123615122
6.97934885814
8.18931224104
6.29326654879
5.3335175726
7.59451544048
5.84373577417
5.72877339804
5.56275889719
6.39466309567
8.93570702122
7.54225483404
8.02381527977
