4.7514127905
4.68668249345
4.47908879024
4.14230648804
4.18478767471
4.7880196309
4.62475047612
5.39418973574
5.92901119252
6.92906984548
8.6164808327
9.19958409173
10.1470911589
9.46691826333
9.17765479377
8.13709885417
7.31384252177
5.41950715978
4.77950143631
4.99040134124
4.54572550601
4.52410966751
4.59550494977
4.31334511818
4.20124226755
4.25134669492
4.39623153333
4.45747198656
4.30647567848
4.55414263347
4.36043808042
5.14794659179
5.81319452644
6.66822147359
7.74191319548
9.24830132466
8.87139599972
10.8780914802
9.64374491519
6.80711890212
5.32302800593
5.00776907324
4.96187192576
4.80380547541
4.59868869533
4.79655656477
4.39122011258
4.51840748171
4.84026367258
4.31127382473
4.19937101388
4.08414712567
4.37884316186
4.38624863546
4.62837057579
5.22425333947
5.32591412998
6.67334583043
6.55630404145
6.76451723033
7.04977455133
7.93378133853
7.78104222337
6.70335278797
5.27689720913
5.27768432171
5.2998632161
4.99848404426
4.21093550592
4.9160092518
4.59765006462
4.77669706856
4.40433747611
4.31931313115
4.02005569239
4.40433747611
4.33922538467
4.46129111968
4.6911178982
4.69503952489
4.71428733137
5.42744395536
5.81466922054
6.92753891954
6.98370160338
6.60936258961
7.2400303534
6.80337368177
11.3813973967
10.7186681118
8.09356323679
6.93969974109
5.37368953861
5.38971006547
4.47792411733
4.79277104331
4.50332371134
4.37810459674
4.68764121599
4.30307480273
4.30307480273
4.68191865489
4.41186757093
5.25571579956
4.84519935014
5.65397331192
6.5958468929
7.7074316976
9.25197462673
10.5787176503
11.5689390843
11.8396733805
10.4607165279
9.93823006121
7.79422099065
6.34762053565
4.99808260752
4.9712586912
11.6246310795
11.4538640614
10.7237730849
7.90522407661
6.25439081343
5.53709716066
5.09367005317
5.24174607009
4.78320495269
4.67918203527
4.31787054524
4.68668249345
4.32778288656
4.66997045969
3.98387314319
4.25512552129
4.46345350289
4.74785864639
5.31183085758
5.64632225366
6.86302932405
7.93222332918
10.3256862643
10.9545104448
11.4064664972
9.73862296076
9.82221466312
7.85176819539
7.01223839655
5.74608328142
5.085612762
4.60018046327
4.81766028247
4.96605179234
4.50332371134
4.78432615013
4.91298143157
4.56907815528
4.64570236071
4.4793332503
4.82007579477
4.99357031559
5.14485555331
5.91344337444
6.75667011383
7.61651863341
9.25697353078
9.31270887898
10.7812017472
11.0401718033
10.4311863089
8.23422079523
6.82226051786
5.7098707069
5.31723769249
4.20498552035
4.38580751917
4.92111370966
4.7880196309
4.30307480273
4.39864114348
4.29795085804
5.02676318675
4.40433747611
4.58713567819
4.52542910503
5.01231689186
6.0120394178
6.94211199686
7.27040837338
8.63736050119
9.77767451978
11.7406757309
11.092481895
11.6435112374
8.52583317875
6.04952988375
5.26288994193
4.87727350597
4.86236738141
4.69245769186
4.77841399423
4.82135055444
4.20794754642
4.0180725183
4.50312183017
4.62850061339
4.23214505133
4.37455920094
4.35319034757
4.88273296707
5.34059311796
7.34398790076
7.37513331194
8.43754839872
10.2806126559
11.5734165298
9.79265351298
10.6992073921
7.70019930141
6.28405954448
5.35321159728
5.07034502795
4.77200097053
4.70923688159
4.97031752297
4.57335843619
3.79343322952
3.92641182655
4.21651351739
4.1617804533
4.24398059437
4.79722308698
4.99340389053
5.95446722838
5.54317061072
6.2586982596
7.46774698135
9.3745588769
9.65803788022
12.8460415046
12.2079780358
