4.0
2.625
0.0
0.0
2.0
2.942528735632184
3.625
2.25
1.75
3.111111111111111
4.261363636363637
4.296495956873315
4.146252285191956
4.227611940298507
3.302325581395349
3.6666666666666665
3.3181818181818183
3.3936052921719955
3.2071005917159763
3.5652173913043477
3.769230769230769
3.6923076923076925
3.625748502994012
3.15
3.3793103448275863
4.533333333333333
4.589285714285714
4.090592334494773
4.0
4.5
4.015384615384615
4.875
5.107142857142857
5.0
3.8181818181818183
3.0
3.8
3.75
4.5
4.666666666666667
4.75
4.0
5.0
5.0
5.0
4.75
4.5
4.142857142857143
3.8
4.468085106382978
5.0
4.0
4.0
4.0
5.0
5.0
4.982142857142857
4.8625
5.0
3.736842105263158
4.409090909090909
4.0
3.828125
4.414893617021277
4.139344262295082
3.7142857142857144
5.4
4.67741935483871
4.111650485436893
4.125
4.0
4.0
3.8181818181818183
3.8805970149253732
4.242857142857143
4.222222222222222
3.6
3.7560975609756095
3.9702970297029703
3.972772277227723