1.3333333333333333
3.0
3.0
2.0
1.4
2.0
1.5
2.0
1.75
1.9642857142857142
1.0
1.6666666666666667
2.0
1.0
1.75
2.0
2.0
3.0
3.0
4.0
1.0
1.2941176470588236
2.0
3.0
3.0
1.0
1.0
1.5714285714285714
2.0
2.1666666666666665
2.0
2.0
2.0
2.0
1.0
1.0
1.4
2.0
1.6666666666666667
1.0
2.0
1.0
1.5714285714285714
1.0
1.5
1.3333333333333333
1.0
2.0
2.0
2.0
1.5
1.6923076923076923
1.6666666666666667
1.75
1.0
1.0
2.0
1.4
1.0
2.5
0.0
1.7272727272727273
2.0
1.0
1.6666666666666667
1.0
1.0
2.0
2.0
1.75
2.0
1.0
2.0
2.0
1.75
1.6666666666666667
2.0
1.0
1.0
1.0