3.5
5.2
2.8
3.5
6.2
21.5
32.5
27.8
24.1
23.1
19.7
17.5
13.8
19.0
20.9
21.0
19.4
15.2
8.3
4.2
5.3
3.6
4.3
3.8
4.6
5.8
5.4
6.0
11.4
19.0
18.6
13.0
7.8
14.0
22.9
21.7
17.6
15.0
11.8
13.7
19.6
17.9
11.3
5.0
5.5
6.2
2.8
5.2
6.7
3.3
2.8
5.8
6.3
11.6
11.0
12.5
10.8
14.5
18.3
16.4
8.1
5.1
5.4
3.9
8.2
6.1
4.8
3.9
4.5
3.1
4.9
4.1
4.4
3.4
2.8
5.4
9.3
7.6
8.3
12.9
12.3
9.8
11.7
6.949999999999999
9.299999999999999
6.9
10.7
11.9
6.028571428571428
4.0
5.8
4.466666666666667
3.75
3.7
2.0
1.4333333333333336
2.9818181818181815
3.0
2.4
5.6000000000000005
7.0
6.9
9.0
9.499999999999998
11.425
8.7
8.9
7.433333333333334
8.875
2.5
6.1
4.65
6.7153846153846155
6.0
2.9
3.6999999999999997
4.909090909090908
1.8
3.1
3.55
4.518181818181818
5.45
3.9
6.3
9.777777777777779
7.6
8.5
12.2
7.349999999999999
9.0
5.9
10.633333333333333
10.233333333333333
12.95
7.9
12.399999999999999
5.983333333333333
4.8999999999999995
3.4
4.7
5.621428571428572
2.0666666666666664
5.1
3.1799999999999997
4.014285714285714
5.466666666666668
7.4
6.000000000000001
8.792857142857143
9.75
6.4
7.4
9.200000000000001
7.050000000000001
12.65
11.016666666666667
10.157142857142858
7.222222222222222
9.1
6.799999999999999
5.606896551724137
5.008333333333334
6.166666666666667
5.908333333333332
4.652631578947367
3.813333333333333
3.125
4.3500000000000005
4.3352941176470585
5.073684210526316
3.466666666666667
6.816666666666667
9.446666666666667
11.461904761904762
8.749999999999998
11.555
13.426923076923078
12.396774193548387
10.61176470588235
11.50352941176471
9.606578947368419
8.247500000000002
7.395714285714287
7.383035714285714
7.181609195402301
6.295588235294119
5.166250000000004
4.719406392694069
4.471476510067117
3.8831999999999995
4.252123552123555
4.338169642857144
4.582636655948552
4.703252032520327
5.726141078838171
6.804587155963298
8.029692832764507
10.0990990990991
12.501092896174868
13.440070921985816
14.362637362637365
18.675
18.799999999999997
15.32376237623762
11.10406976744186
9.64615384615385
8.556428571428572
9.983168316831685
7.670792079207921
6.819565217391303
5.690445859872612
5.643262411347518
4.6732846715328495
4.435620915032681
4.49951923076923
4.685714285714287
4.776700434153398
4.932999999999999
5.571065989847719
6.8044117647058835
9.182654600301655
11.163424124513615
11.64764705882353
11.810526315789469
12.509395973154353
11.78608695652174
11.299324324324328
11.368421052631584
9.98599290780142
7.695901639344266
6.394818652849741
7.274999999999998
7.0578175895765485
5.841156462585034
4.72231759656652
4.946385542168676
4.59205607476636
4.211671924290224
4.155
4.0520000000000005