23.5
18.68341708542715
14.4
14.4
6.9391016364243665
5.7
5.7
6.2
5.6
5.6
5.6
5.6
5.6
5.6
5.6
8.2
8.2
8.2
8.2
8.2
8.2
8.2
8.2
8.2
8.2
8.2
8.2
8.2
8.2
8.2
7.7
7.7
7.7
6.7
6.7
6.7
7.7
7.7
7.7
7.7
7.7
7.7
6.3
12.8
12.8
12.8
12.8
22.9
25.3
25.8
20.8
10.1
9.2
8.1
8.3
6.5
5.6
8.1
6.5
7.2
8.3
7.4
7.4
7.6
9.5
6.7
5.6
15.8
17.5
17.2
22.7
21.6
20.9
20.1
12.0
10.9
8.5
8.5
7.73587712402491
9.6
7.5
6.730894728690181
7.5
7.6
7.067934985345066
6.1
7.9
7.9
8.4
8.5
6.778853397250852
9.226155050900537
9.2
7.1
14.0
12.81632653061224
13.800000000000004
15.201324503311263
11.840053050397865
8.19390173074691
7.977863364768536
7.748961369132497
7.141384824971861
6.617399145070798
7.370577787645009
7.570246423394467
7.058729842723447
7.482030185800684
6.9966482164821695
7.0656431576838195
7.241360956008961
7.01834810387469
7.37642462359442
7.222910578608992
6.55216469428007
7.767314335060434
7.304621435594882
6.792411143131604
7.270925110132158
8.206904761904761
9.673605150214588
11.301508620689663
7.123866348448699
6.705665722379604
6.853353862632209
7.108125074025821
6.817811193746282
6.458758649037483
7.177749457700656
7.042466154837953
7.055189243027873
7.3407977991746955
7.287686684073088
6.978744969444005
7.155706870856662
7.104222210958486
7.031595330739307
6.868248527048756
6.569375609756088
7.221472762113337
7.414327988438521
6.474559808860946
6.957907768492719
6.685950995945691
8.89939341421143
10.373121387283234
8.85897711015737
6.7617227515558715
6.3957205029013435
6.429921125801508
6.322010666400841
5.71893760000001
6.77908130601793
7.179435392622775
6.833158508158485
6.905361255422862
7.007941974535594
6.790854051908094
6.810809612922283
6.6728692416899005
6.406478000203229
6.426005214078004
6.043094690691338
6.990890836965546
7.051641556105239
6.84954349133453
8.274972568578546
15.999486521180994
15.483561643835621
14.170716889428906
10.573607594936716
7.183860051620306
6.97088352256354
6.540758530971669
6.408538227519825
6.0225751426386624
7.024698006845148
6.87782772621807
7.543217335734609
6.961659824917146
6.871931098889703
6.892868964174421
7.78591901130685
7.125176482712403
6.893654661016936
6.590190329473719
6.249055608314872
6.5420754526145455
7.151215644820307
6.7516862315956905
15.112964728312685
19.968181818181815
15.946597938144327
7.794050632911389
8.335399117529073
6.892110111058486
6.610049450549434
6.472514883185746
6.114601886494171
6.596791026871399
6.715680160925301
7.10017820899953
7.710603482131156
7.208999533702896
6.807687156182678
6.682906396784637
7.048840874761937
6.700192629391172
6.707191653868552
6.637661635281956
6.077979941908255
6.5637206549615135
6.595435021476367
6.504515833418183
10.073862433862436
11.781944444444443
15.909090909090912
8.204029605263155
7.559516088800194
6.657297835543211
6.943316023341718
7.587181048657198
6.959926649048044
7.512928683340106
7.282413645599386
6.985613672182801
7.762898210213508
7.226823922346292
6.877436119532217
6.916042365058515
7.333882723750724
7.106342821782177
7.202051440647377
7.261020797853112
6.731776351788267
6.211070187269796
6.47522298329472
10.55217932752178
14.068008474576285
17.177536231884062