7.315428571428569
9.82018348623853
11.360402684563754
13.806474820143885
12.845402298850566
9.344159544159544
14.911363636363632
18.68697674418604
12.157213930348254
11.290909090909096
11.7
9.197070312499996
8.471988795518206
7.172972972972976
6.58766756032172
6.116000000000008
5.054494382022473
5.119600000000002
6.127163461538454
5.604289544235925
4.95891891891892
4.712765957446808
5.799206349206352
7.4024193548387105
10.334285714285713
8.43127753303965
9.196498054474707
11.4532967032967
9.765445026178012
7.5904929577464815
5.5067385444743895
6.286971235194592
7.135339805825237
5.986935866983372
8.606875000000002
8.134412955465582
9.042452830188676
17.985714285714284
12.727777777777774
14.824427480916034
15.6
15.6
15.6
15.6
15.6
15.6
15.6
15.6
7.706880733944947
7.2
7.2
7.2
7.2
7.2
7.2
7.2
7.2
5.896567505720826
4.9
12.224806201550383
7.798924731182797
8.2
8.2
8.2
8.2
8.2
8.2
8.2
8.2
8.2
8.2
6.793126022913263
8.082484725050914
8.706066536203517
11.023966942148757
10.61305970149253
11.00123966942148
12.755999999999998
15.439999999999998
24.25555555555556
18.0
6.5
6.8
5.9
6.6
6.6
6.2
4.9
5.910576923076921
5.1
4.4
3.2
5.6
3.3
10.9
24.7
22.8
13.399677419354841
13.1
11.731428571428571
17.966165413533837
28.2
30.0
20.0
18.4
17.5
19.6
17.4
8.3
6.2
6.9
5.982608695652175
6.237438423645312
6.034449760765544
6.363368983957227
4.787702265372166
4.115602836879431
3.7054794520547953
5.806934306569342
9.917741935483875
13.667741935483873
9.192740046838413
7.3055666003976105
6.706217616580319
7.381027667984188
20.9
14.978014184397168
14.420072992700732
10.32476415094339
10.576528117359407
8.066847826086953
10.124087591240874
7.725278810408913
5.880748663101602
10.931818181818182
14.883333333333335
7.859595959595962
5.415441176470588
4.5
4.5
4.5
4.5
8.22
7.1
7.1
25.474285714285717
22.08
12.949295774647887
13.0
13.0
13.0
13.0
13.0
12.552996845425865
9.367549668874174
12.270416666666664
11.071929824561401
10.430612244897956
8.214311594202893
8.347868852459015
7.777339901477824
7.6
6.1752136752136755
5.764077669902913
4.4
4.4
4.4
11.30860215053763
10.4
10.4
13.136492890995251
13.0
13.0
13.0
12.592857142857143
11.4
11.4
11.4
8.3
8.3
8.3
8.3
8.3
7.5
7.5
7.5
8.335036496350366
6.158724832214766
6.0
6.0
6.0
6.0
6.0
6.0
6.0
6.0
6.0
6.0
6.0
11.003278688524583
7.3990588235294075
6.9
6.9
6.9
6.9
6.9
6.9
6.9
6.9
6.9
7.611707317073166
7.5
7.5
7.5
7.5
7.5
7.5
7.5
7.5
7.5
7.5
7.5
7.5
7.5
7.5
7.5
7.5
7.5
7.5
7.5
7.5
7.5
7.5
7.5
7.5
4.2
4.2
4.2
3.6
4.94238805970149