4.6
7.5
13.2
13.2
13.2
13.2
13.2
7.6
3.5
5.4
7.2
7.2
7.2
7.2
7.2
7.2
7.2
7.2
7.2
7.2
7.2
7.2
4.2
4.2
4.2
4.2
4.2
5.5
5.5
5.5
5.5
5.5
3.2
3.2
3.2
3.2
3.2
3.2
3.2
3.2
3.2
3.2
3.2
3.2
3.2
3.2
3.2
3.9
3.5
2.5
6.0
10.3
6.1
7.2
3.6
3.8
5.0
4.2
7.2
5.7
5.5
8.4
7.4
7.1
6.8
3.8
3.2
7.5
7.1
4.7
4.1
6.1
4.6
7.4
10.8
9.3
3.5
3.2
4.716339869281047
5.9
6.4
6.4
3.9
3.7
5.2
9.3
9.8
7.2
5.5
4.9
4.7
5.8
8.9
9.0
4.4
4.1
3.1
2.4
3.9
2.9
3.1
4.679032258064516
4.8
3.4
1.8
4.1
4.7
3.8
6.2
8.3
8.2
8.3
5.9
5.9
4.8
6.1
3.8
3.4
3.4
4.345205479452056
3.2
2.5
7.4
8.0
5.9
5.7
4.6
3.0
4.6
6.4
5.9
6.1
7.8
7.3
5.2
7.5
5.0
3.3
6.5
4.657499999999998
4.372380952380952
4.1558558558558545
3.8787234042553194
4.325
4.747368421052632
3.788888888888889
4.173684210526315
4.478378378378378
4.271264367816092
4.7748251748251755
4.385714285714285
4.476582278481013
4.231249999999999
4.812643678160917
5.694871794871796
6.500000000000002
6.641406249999998
4.924000000000001
6.187288135593222
5.887179487179487
5.398901098901099
6.587179487179487
4.896551724137932
6.011650485436895
4.708837209302327
4.367187499999999
3.925
3.5999999999999996
3.6399999999999997
3.814285714285714
5.777777777777777
5.986666666666666
4.679532163742693
5.2555555555555555
4.325471698113207
5.297872340425532
4.956652360515024
4.845098039215687
5.676744186046509
6.473043478260869
5.528099173553717
5.974517374517372
6.338242894056851
5.4530701754385955
6.217391304347824
5.477894736842107
4.940659340659342
4.3
4.334482758620689
4.038333333333333
4.054666666666666
3.330769230769231
3.625
4.23
5.277777777777777
5.906818181818184
5.317647058823531
4.506923076923077
5.324731182795698
5.4104651162790764
4.521354166666669
5.227380952380953
5.775641025641027
6.360000000000002
5.167179487179487
4.727368421052632
7.043877551020409
5.81623036649215
5.501772151898735
4.941284403669724
5.4
5.419387755102041
5.203508771929825
4.029591836734692
3.964
4.351428571428571
4.455555555555556
3.9499999999999997
4.251999999999999
5.06376811594203
5.3583333333333325
5.831034482758621
5.405014749262533
6.171641791044776
4.763124999999999
4.425242718446602
4.789215686274509
4.128358208955225
6.2739495798319345
6.322368421052633
5.6658792650918715
5.445879732739424
5.665384615384616
5.4
5.147474747474749
6.685714285714285
5.277319587628866
3.838983050847457
4.408536585365853
4.468181818181819