25.0
25.0
25.0
25.0
25.0
9.4
9.4
9.4
9.4
9.4
9.4
9.4
9.4
9.4
9.4
9.4
9.4
5.4
5.4
5.4
5.4
5.4
5.4
5.4
5.4
5.4
5.4
5.4
4.8
4.8
4.8
6.4
6.4
6.4
6.4
6.4
6.4
6.4
6.4
6.4
6.4
4.3
4.3
4.3
4.3
4.3
4.3
11.4
14.9
15.8
12.9
8.5
4.7
3.0
3.3
3.9
2.9
2.9
1.6
2.5
2.5
3.5
2.8
2.5
2.7
3.6
4.3
4.4
5.7
9.0
15.0
16.4
15.8
15.8
15.8
13.0
4.7
7.2
4.7
2.6
2.8
2.4
2.5
2.4
1.7
2.3
1.9
1.9
3.7
3.8
4.4
3.3
4.5
4.3
4.3
6.7
8.2
14.2
9.6
9.6
3.6
8.7
5.7
2.0
3.0
1.6
1.9
1.9
2.7
2.9
2.0
2.0
2.0
4.1
3.7
3.9
12.7
15.9
16.183333333333334
13.855555555555558
14.9
12.84
9.9
10.5
3.2
6.7
4.3
2.4
5.85
4.2
1.2
1.7999999999999998
3.4
1.5
1.875
2.3000000000000003
3.6
4.7
6.1
4.499999999999999
6.2375
6.12
6.6000000000000005
8.1
5.728571428571429
5.133333333333334
5.642857142857143
4.733333333333333
4.2
4.6
4.12
4.94
1.6
2.96
2.5799999999999996
2.1
3.8199999999999994
2.6714285714285713
2.8333333333333335
3.066666666666667
2.8333333333333335
6.300000000000001
6.735714285714286
5.9142857142857155
4.961904761904762
12.783333333333337
19.049999999999997
13.433333333333332
13.457142857142857
13.62857142857143
9.6
8.1
4.575
6.166666666666667
7.233333333333333
3.6
3.5
2.2
4.5
2.9
3.4
2.2
2.6
2.3
2.266666666666667
3.1
3.6
6.766666666666666
12.8
14.540000000000001
15.075000000000001
14.5
16.066666666666666
9.533333333333331
5.566666666666666
7.033333333333334
4.933333333333334
6.424999999999999
3.75
4.0
3.05
2.733333333333333
2.4333333333333336
2.25
2.125
2.1
1.725
2.34
3.766666666666667
4.366666666666667
7.5
5.619999999999999
6.631249999999999
8.6875
11.42857142857143
12.785714285714288
12.912500000000001
8.14
8.399999999999999
7.3
3.375
4.069230769230769
3.399999999999999
3.8428571428571425
3.611111111111111
3.125
2.9
2.4444444444444446
2.3333333333333335
2.32
2.19
2.7384615384615385
3.0285714285714285
3.641176470588236
5.6880952380952365
5.542307692307692
5.566666666666665
6.802564102564104
7.23235294117647
8.509803921568626