10.925267993874417
7.63287356321839
7.269820971867007
6.334623893805312
5.128703703703703
5.072452229299362
5.109433962264152
5.086750788643534
4.6472477064220215
4.628304239401494
4.546079380445305
4.326428571428573
4.635672020287409
5.18865979381444
5.093591455273694
5.117130307467054
4.795267489711935
5.315044247787614
7.246853146853142
6.855614973262032
7.5679086538461595
9.028143712574854
6.8374999999999995
6.502583025830265
6.659717314487635
6.550171821305844
7.750526315789474
7.961643835616436
6.589655172413795
5.492933618843687
5.223185011709597
4.909934318555008
5.133036437246965
5.1485258964143465
4.3441307578008885
4.3103954802259805
4.2128252788104055
4.05459363957597
4.554411764705877
4.878543689320388
5.24817850637523
5.940404040404049
5.941041831097091
6.8552845528455375
9.894139886578456
9.891320754716975
10.10381861575178
10.63853904282117
10.164209401709405
11.151173708920178
8.120566502463053
5.839377289377289
5.6731423455684915
5.541110277569391
4.561216216216214
4.564649122807019
4.627721866422692
4.512237093690247
4.262121212121212
4.233818181818179
4.470130869899921
5.197440273037546
5.493840104849281
5.377860882572931
7.109884332281819
7.419746568109828
7.5586820083682005
7.828539325842704
9.048729281767953
9.569964664310959
8.07255369928401
8.045553935860056
6.269079837618401
6.2708243727598525
5.609999999999998
5.071780821917811
5.395520833333331
5.485245901639347
5.2962264150943446
4.790792838874681
4.707956989247319
4.4333164042661215
4.8134467618002175
4.730137711864406
4.800556438791736
5.1006102212051845
4.630513051305128
4.711239669421487
4.852014925373129
6.464958448753471
6.882357723577244
7.993827971109644
7.369693094629153
7.404498269896196
7.568764845605694
8.481508739650414
10.542794759825322
7.451724137931031
7.015069967707208
5.905845181674573
6.185405872193438
7.1
4.971285965942454
5.111819116135666
4.759747172322029
4.46541878172589
4.328124999999999
4.365076209410208
4.378576893649579
4.250830564784052
4.506070496083552
4.8
6.119820397690832
6.059814049586781
7.3668009669621295
8.828523489932895
9.812267657992571
8.928798586572453
8.859914255091113
9.147610921501707
8.424399260628466
8.7
7.00956210902592
7.728887000849624
9.396734693877548
5.713729128014836
4.762102874432675
4.780792478173273
4.559087269815854
4.522941176470586
4.87079256360079
5.1
4.508908973531313
4.443423661599477
4.4720930232558125
4.948799999999998
5.866585956416465
6.4441219158200385
7.110873605947964
9.138644067796617
8.223038156947446
9.7
9.159687786960523
9.721235102925254
9.183636363636365
8.407394366197181
8.414453125000007
7.560297482837521
6.687270642201837
5.307923497267759
5.079211020663743
3.7
4.631751122514431
4.528050595238093
4.496382978723404
4.488196286472142
4.375783972125437
4.572605790645878
4.752514506769829
4.875843307943417
5.574382157926471
4.5
7.452260111023008
8.106825657894742
8.54660194174757
9.684962406015035
10.472835112692756
8.269122257053283
11.44909819639279
9.05114942528735
10.558064516129022
15.7
5.916693290734824
5.479210925644926
5.201973684210526
5.01685393258427
4.580821917808218
4.669646365422395
4.3558197747183955
4.497737003058108
4.263281249999993
4.8
4.439634146341468
4.606117021276595
4.7056640624999995
5.570239774330042
8.12042175360711
7.962447844228094
12.646017699115044
12.141579731743656
13.498571428571429
16.7
9.185447470817115
7.896243291592134
7.529677419354843
6.938434163701073
5.877885652642935
5.384863523573199
4.655844155844155
4.893661971830985
4.53470319634703
4.0
4.482917139614073
4.4489177489177525
4.08418079096045
4.481843575418988
4.387997107736804
5.23721212121212
5.573850574712646
7.0306148055207105
7.925373134328364
7.8
9.370278404815647
8.943358395989993
8.48125
9.650806451612894
8.440625000000002
8.64357976653697
6.507569721115538
7.0419354838709625
5.615974440894568
3.6
5.17858484658735
4.874914559125088
4.606239460370999
4.649792531120335
4.419911504424776
4.4410607356715195
4.175578947368421
4.0753191489361695
4.3298882681564255
215.0
22.839999999999996
155.3
6.373286467486813
6.552891566265063
8.278883495145621
10.279389312977102
9.822695035460994
9.044186046511632