11.3
11.3
11.3
11.3
11.3
3.31497584541063
2.0
2.0
2.0
2.0
2.0
2.0
2.0
2.0
2.0
2.0
2.0
3.6185344827586188
2.8
2.8
2.8
2.8
2.8
2.8
2.8
2.8
2.8
2.8
4.58201581027668
4.0
4.0
4.5808678500986195
4.0
4.0
4.0
4.0
4.0
4.0
4.0
4.0
4.0
4.854566210045663
4.7
4.7
4.7
4.7
5.4487356321839115
6.830449826989616
6.021468926553676
4.186888111888109
4.079087452471484
4.85489749430524
4.581102362204724
3.9421455938697356
3.6167032967032955
4.278764478764477
4.32041587901701
4.123345588235292
4.319056603773581
4.578585461689587
4.278420038535644
4.130341113105927
4.614814814814817
4.318455743879469
5.748750000000001
6.006868131868128
5.815580736543907
5.645266272189348
7.516176470588233
7.657092198581564
8.160687022900763
10.38217054263566
8.857347670250897
4.123302752293576
4.080265654648957
3.6193548387096754
3.6173245614035077
3.6150984682713334
3.57139037433155
4.644198895027622
3.828448275862069
4.077840909090909
3.7821033210332087
4.121611721611719
4.693650793650795
3.7817679558011035
3.2355882352941165
3.0423529411764716
3.423961661341853
3.827096774193549
4.277499999999999
4.917324561403511
6.479937304075239
7.181176470588237
6.780281690140844
7.3194945848375434
5.649262536873155
3.859023354564755
4.091134751773048
4.278694817658348
4.751984126984127
3.779441624365482
4.577254901960784
4.828695652173914
4.122486288848261
4.12956989247312
4.613863216266176
4.641176470588233
4.121897810218976
3.78
4.128801431127014
4.690045248868779
5.0304672897196285
5.749127182044889
4.689164785553049
4.577103718199608
9.060474308300396
7.694193548387102
6.781741573033707
7.042068965517238
6.99803921568628
7.038831615120272
2.9089887640449428
3.2313782991202333
3.7800505050505047
3.827253218884121
3.0374269005847965
4.090459363957596
3.822912205567452
4.747326732673267
5.030970149253734
2.8246031746031743
3.3125000000000018
4.320300751879696
4.746442687747036
4.118761384335153
4.611623616236165
5.814406779661015
7.3958801498127364
11.220754716981128
12.245000000000003
9.47218934911243
8.261818181818185
7.1782991202346045
5.818873239436618
9.192899408284024
5.451605504587159
3.8552966101694905
4.826030368763558
5.82949438202247
10.685714285714287
12.893670886075958
12.330882352941176
9.56729857819905
8.17148288973384
5.746268656716419
3.6171673819742467
4.117999999999998
4.278927203065133
4.278202676864244
2.8181102362204724
5.641176470588234
7.689389067524121
4.852954545454546
6.00575342465753
7.019863013698628
8.97439024390244
9.79935897435897
8.979393939393939
7.550403225806446
4.075992438563327
2.9022222222222216
4.320450281425888
4.744181459566075
3.3162679425837336
4.827705627705628
4.920350109409193
4.3205992509363265
4.613443830570905
2.915384615384615
3.55043859649123
4.1296428571428585
3.2289473684210517
4.071132075471699
4.319439252336445
5.483181818181818
4.117604355716876
5.644868035190615
5.987878787878792
6.588666666666668
7.027986348122865
8.838571428571429
7.532931726907625
7.173684210526316
5.024581005586595
3.6171306209850083
5.914929577464791
5.844537815126048
5.914044943820228
3.55098468271335
3.7790441176470573
3.5709333333333326
4.738779527559055
3.612663755458514
4.734577603143419
2.9130434782608687
4.639266055045869
4.728235294117647
4.638827838827837
4.636563071297987
4.119927536231882
4.827861771058315
5.47891156462585
7.312589928057553
7.655197132616485
8.251583710407244
6.995439739413682
3.2288629737609322
3.6143790849673194
4.273091603053434
5.020446096654277
4.634671532846713
3.422611464968153
3.2270348837209295
4.071186440677966
3.57313829787234
3.419047619047619
3.7766972477064207
3.6215811965811944
3.619829424307034
3.418037974683544
3.5500000000000016
4.273142857142856
4.855328798185941
4.681930184804929
4.853846153846154
6.007103825136608
5.990332326283992
5.483031674208145
5.0287439613526566