13.9
13.9
13.9
13.9
13.9
9.3
9.3
9.3
9.3
9.3
9.3
9.3
9.3
9.3
9.3
9.3
9.3
4.2
4.2
4.2
4.2
4.2
4.2
4.2
4.2
4.2
4.2
4.2
6.3
6.3
6.3
6.6
6.6
6.6
6.6
6.6
6.6
6.6
6.6
6.6
6.6
5.2
5.2
5.2
5.2
5.2
7.1
9.2
10.6
13.4
15.2
7.3
9.3
12.2
10.8
7.1
6.5
7.9
7.9
6.8
5.2
6.141791044776118
5.346478873239436
5.995135135135137
5.74258064516129
6.444999999999998
6.657605985037404
5.9482905982906
7.192263610315177
7.626874999999995
7.502484472049687
6.377916666666669
6.494618834080721
8.760136286201021
8.093788819875781
6.4236652236652265
6.569614512471659
7.020825852782762
7.635326086956528
8.329641693811077
8.481852551984874
9.92168674698795
11.923711340206184
10.520717131474104
6.494495412844043
8.124358974358975
11.803603603603607
10.222580645161294
10.5
6.579999999999999
6.5984375
7.755102040816325
6.412280701754387
7.614583333333335
7.544680851063831
7.623437499999999
6.515686274509804
7.517241379310343
8.49759036144578
6.891428571428571
5.749468085106381
7.428409090909094
7.183766233766231
8.635064935064936
7.016081330868764
7.5493150684931525
8.913865546218483
6.150076804915516
9.8834
8.087421383647799
6.758831341301465
6.005909090909092
5.737007874015746
6.153555219364603
5.776106194690269
6.534645669291334
6.9702439024390275
6.210236220472445
8.10813397129186
8.690566037735854
9.317449664429528
9.838947368421051
8.42554455445545
9.238931297709927
8.619047619047622
7.127345309381243
5.973786407766992
6.431972789115644
6.820399113082046
6.480555555555558
5.806319702602231
6.563620689655171
5.7883268482490235
7.4227414330218044
6.702089552238809
5.751750972762644
5.334653465346535
5.680993520518361
8.349851632047482
8.815454545454548
9.078873239436616
9.884640522875815
8.850537634408603
7.461504424778762
6.899203187250998
6.04
6.669417475728155
6.8852459016393475
7.1322580645161295
7.002222222222228
8.1525974025974
8.853333333333333
10.456000000000001
6.769858156028372
5.792682926829267
5.463157894736842
6.109716599190288
7.491304347826088
5.6503875968992245
6.167883211678831
5.46818181818182
6.218978102189783
9.226589595375726
8.772619047619045
7.446874999999997
7.101158301158302
12.860975609756096
11.4359375
10.605882352941174
12.411538461538461
9.390853658536587
8.419587628865978
8.921052631578947
7.912418300653596
12.605263157894736
7.949999999999999
7.197841726618706
8.22142857142857
7.4750000000000005
6.221476510067116
5.754166666666666
13.1
13.776
11.220000000000002
6.633333333333333
7.173913043478261
8.637500000000001
5.371794871794871
6.814893617021277
9.781818181818181
7.771428571428571
6.397674418604651
5.975471698113207
11.397777777777778
17.4
12.677777777777777
15.980769230769228
18.1
11.655555555555557
12.015151515151517
8.416666666666666
7.92727272727273
7.128205128205127
7.808695652173912
7.398000000000001
6.9
7.766666666666666
5.83076923076923
6.226086956521739
7.283333333333333
5.426190476190477
7.804166666666668
7.918749999999996
6.835057471264366
7.121686746987952
7.436911487758948
7.307794117647063
6.13051771117166
9.763192182410426
8.168445839874414
9.231102362204718
10.950279329608938
10.668683274021353
8.733969465648855
10.155089820359276
7.279096045197741
6.38048780487805
6.762280701754386
6.869354838709676
8.089204545454544
6.594078947368419
5.814062500000002
7.621604938271602
5.561988304093568
5.705803571428572
6.209890109890109
6.221132075471695
8.446728971962612
7.1469194312796205
7.353906249999998