20.1
20.1
20.1
20.1
20.1
2.7
2.7
2.7
2.7
2.7
2.7
2.7
2.7
2.7
2.7
2.7
2.7
2.3
2.3
2.3
2.3
2.3
2.3
2.3
2.3
2.3
2.3
2.3
2.4
2.4
2.4
2.0
2.0
2.0
2.0
2.0
2.0
2.0
2.0
2.0
2.0
2.9
2.9
2.9
2.9
2.9
2.9
17.7
17.9
14.5
8.0
4.5
5.0
4.4
2.5
2.6
2.5
1.8
1.9
2.1
3.1
2.3
3.0
3.0
3.0
2.7
5.4
10.7
20.0
20.174999999999997
16.675
17.125
13.8
9.957142857142857
4.909999999999999
4.93846153846154
4.53
3.6624999999999996
2.628571428571429
2.642857142857143
3.1555555555555554
3.1888888888888887
2.9222222222222225
2.966666666666667
3.155555555555556
3.25
2.2875
2.9125
5.3625
7.714285714285714
7.99
10.194736842105264
9.2875
11.648979591836731
12.684999999999997
14.504255319148937
12.158333333333333
9.019354838709674
5.608333333333333
3.591379310344828
3.406779661016947
2.9514705882352934
3.0109375000000003
2.935937499999999
3.063934426229508
3.0774193548387103
2.9292307692307693
3.023437499999999
3.074242424242425
3.5060606060606068
2.784615384615384
2.8999999999999995
3.363380281690141
4.610810810810811
5.5249999999999995
7.768354430379749
11.014999999999997
11.454545454545455
12.359130434782612
13.936170212765953
11.604032258064517
7.005172413793106
4.914529914529916
3.7500000000000004
3.4927083333333333
3.14125
3.2101265822784817
2.8555555555555543
3.003409090909092
2.93404255319149
2.941052631578949
2.970833333333333
3.003409090909092
3.061363636363636
2.8117647058823527
4.1482758620689655
4.735227272727273
9.365753424657536
8.663888888888893
8.343589743589742
11.867307692307687
11.101538461538464
11.63132530120482
9.864406779661012
12.517142857142858
8.568965517241379
5.6466666666666665
4.35
3.410344827586207
3.091999999999999
3.112
2.8958333333333335
2.9
3.079166666666666
3.1944444444444446
3.0999999999999996
3.0952380952380953
2.8
2.7
3.005263157894737
3.616000000000001
12.279166666666667
5.881818181818181
10.973809523809523
8.986956521739133
9.328124999999996
12.282089552238801
13.094
13.072602739726026
8.894117647058826
6.723255813953488
4.78888888888889
3.7357142857142853
3.0947368421052635
2.7263157894736842
3.1263157894736837
3.123529411764706
3.2217391304347824
2.877272727272727
2.7722222222222226
2.9388888888888887
3.047368421052632
2.831578947368421
3.1619047619047613
3.380952380952382
4.416666666666667
5.780952380952381
7.373684210526317
8.438461538461537
11.477777777777776
14.87
15.684615384615382
14.96875
10.6
4.333333333333333
3.5
3.2666666666666666
2.928571428571428
3.25
2.9416666666666664
3.1
2.6999999999999997
2.8375
3.25625
2.9
2.98
2.725
2.6692307692307695
3.7599999999999993
4.299999999999999
6.483333333333333
7.514285714285715
9.355555555555556
11.035000000000002
12.282352941176471
10.588333333333336
11.045454545454547
7.917647058823531
4.735714285714285
3.1714285714285713
3.4538461538461536
3.271428571428571
3.346153846153846
2.9499999999999997
3.228571428571429
3.007142857142857
2.992857142857143
3.269230769230769
2.423076923076923
3.053846153846154
2.9538461538461536
2.7642857142857147
3.4923076923076914
3.8117647058823527
6.204347826086955
8.066666666666665
8.91935483870968
9.673170731707316
19.5
17.333333333333332