3.4035217337766284
2.7654201068479844
2.033063923585599
1.8384512683578105
1.5583657587548638
2.1573770491803277
2.8416030534351147
2.5817805383022776
2.5348583877995643
2.459152016546019
3.2248201438848922
4.07361002349256
3.91031726205346
4.285862785862786
3.0351473922902494
2.8698453608247423
2.9026548672566372
2.15071283095723
1.8403041825095057
2.2339181286549707
2.360381861575179
2.387832699619772
2.4997624703087884
1.9409681227863047
2.226779252110977
3.4104308390022675
4.276715410573678
4.071346375143843
3.9283422459893047
4.544654088050314
4.268983268983269
4.045615496771506
4.367885028855946
4.5031552851025465
4.205211047420532
4.082125103562552
3.706281227694504
3.8340653454740226
4.253178899660078
4.482473947760184
4.540827008636483
4.1946174638617935
4.437387734154478
4.587620578778135
4.649195815993702
4.6853709624076725
4.34995517705065
4.180809761508597
4.117811916130371
4.684861278648975
5.1171328671328675
4.445045045045045
4.0950205573321155
4.816011235955056
4.341522351993556
4.59476861167002
4.676583493282149
5.123400065638333
4.849117825998783
4.776379477250726
4.758319039451115
4.1224995574437955
4.0924327069578466
4.070461169209669
4.438708466303735
4.188923249929716
4.408784773060029
4.518861406660219
4.203099510603589
4.422143802382003
4.2357350637726565
4.121702504987808
3.725155827355051
3.8570595099183196
4.228081402790221
3.6901657158380874
3.4298928204375274
3.3380520266182696
3.27677511279981
3.6063507453641983