3.036307961504812
1.51005291005291
1.632822477650064
1.7564575645756457
2.035576923076923
2.677173360447382
2.9009740259740258
1.1479974968710889
1.5595158036314727
2.654726368159204
2.839611178614824
2.7506542945515107
2.908529525279815
2.3091755319148937
2.0100614868641697
2.863372093023256
2.8030127462340673
2.2547191796783967
2.2932489451476794
2.2401136115359406
1.5181236673773988
1.658998646820027
1.5522388059701493
2.199983898236857
2.2134103228847515
1.435910350037774
1.2038034865293186
1.2972181551976574
1.3093922651933703
1.9021329987452948
4.147101449275362
1.1415384615384616
1.1222776174232485
1.1176905995558846
1.2313432835820894
1.7927536231884058
2.2393939393939393
1.412629468760441
1.734560570071259
1.925767586474932
1.896744930629669
1.7507285362026452
1.713956701980654
1.9738935852809547
1.64284251484743
1.6679913294797688
2.0189923503033502
1.7385426969996702
1.6141404805914972
2.0088139786608936
1.799738219895288
1.4714285714285715
1.5988262910798121
1.7139384973052942
1.7446911196911197
1.6515086515086514
1.6023294509151413
2.1035021888680427
2.1176883481516144
2.300524781341108
3.1554770318021204
2.619676945668135
1.5936855138258357
2.14275877897636
2.1005737428282147
3.057029177718833
3.450617283950617
3.165101334651508
1.9647422957879155
2.1231204406729196
1.8306260842138464
2.770110330992979
3.370332996972755
2.057592911641644
1.8050070521861776
1.7768034713433376
1.6955814583898074
1.8880273660205245
2.3596193065941535
1.6907909477929643