0.7857142857142857
1.4461538461538461
1.6214689265536724
1.6614173228346456
1.2941176470588236
1.2291666666666667
1.4642857142857142
2.0784313725490198
2.017543859649123
1.509433962264151
1.6629213483146068
1.3908045977011494
1.1785714285714286
1.1111111111111112
1.8241758241758241
1.0888888888888888
1.1666666666666667
1.5
1.8095238095238095
1.5384615384615385
1.7380952380952381
0.9302325581395349
1.76
1.4675324675324675
1.7777777777777777
1.619047619047619
1.35
1.1147540983606556
0.5945945945945946
0.8529411764705882
3.176470588235294
1.2272727272727273
0.8421052631578947
1.8076923076923077
1.1153846153846154
1.75
1.6708860759493671
1.532258064516129
0.7272727272727273
2.7222222222222223
2.0
0.46153846153846156
1.5757575757575757
1.9166666666666667
1.84375
1.4166666666666667
2.4745762711864407
1.625
1.8484848484848484
2.6470588235294117
2.942857142857143
2.6
3.6
2.357142857142857
2.3529411764705883
2.72972972972973
2.9545454545454546
1.6285714285714286
1.2142857142857142
1.5
0.9444444444444444
1.0625
1.8305084745762712
2.4423076923076925
2.642857142857143
2.1176470588235294
2.25
2.4285714285714284
2.358974358974359
2.5172413793103448
1.6857142857142857
1.4615384615384615
1.9767441860465116
1.8235294117647058
1.5862068965517242
1.744186046511628
1.9189189189189189
2.15
2.161290322580645
1.6153846153846154