1.0212765957446808
0.625
0.32653061224489793
0.35714285714285715
0.3611111111111111
1.0
1.3
0.5517241379310345
0.6538461538461539
0.9142857142857143
1.0555555555555556
1.0
0.8
1.105263157894737
0.8518518518518519
0.9333333333333333
1.2173913043478262
1.0
1.631578947368421
0.5555555555555556
1.048780487804878
1.9772727272727273
2.0
1.3333333333333333
1.2380952380952381
1.2692307692307692
1.4594594594594594
1.5
0.8947368421052632
1.0
0.7450980392156863
1.1020408163265305
1.0
0.4166666666666667
1.24
1.0555555555555556
1.233644859813084
1.186046511627907
0.6428571428571429
0.8571428571428571
0.775
0.9107142857142857
0.8947368421052632
0.8333333333333334
0.7368421052631579
0.4782608695652174
1.1428571428571428
0.6521739130434783
1.0
0.8636363636363636
0.19230769230769232
1.3384615384615384
1.0476190476190477
0.2222222222222222
0.65625
0.4146341463414634
0.7941176470588235
0.6176470588235294
0.40476190476190477
0.5357142857142857
0.627906976744186
0.6153846153846154
0.5
0.6136363636363636
0.7352941176470589
0.2962962962962963
0.375
0.9310344827586207
0.8245614035087719
0.8108108108108109
0.8333333333333334
0.5666666666666667
0.5625
1.0
1.1363636363636365
1.868421052631579
0.9117647058823529
1.1578947368421053
1.032258064516129
0.9629629629629629