0.41196911196911196
0.41192935044879836
0.4118895966029724
0.41184985042941236
0.41181011192589734
0.4117703810902074
0.4117306579201235
0.41169094241342724
0.41165123456790126
0.41161153438132897
0.4115718418514947
0.4115321569761836
0.41149247975318165
0.5386046511627907
0.4024416830172226
0.3538825650850896
0.33378964179785536
0.3450569270657198
0.37783127256811466
0.4392513700754834
0.41127167630057804
0.41123205856853867
0.41119244846850317
0.4111528459982664
0.411113251155624
0.41107366393837264
0.41103408434430966
0.41099451237123324
0.4109549480169426
0.6521207177814029
0.33275178429817603
0.25788590604026845
0.24296371651407256
0.24941334227287965
0.3057395143487859
0.4344892727027392
0.4108310888803386
0.4107915744926421
0.5378584691561791
0.40193625584684
0.35346378767431397
0.4572543916720885
0.8375877472878112
1.3423597678916828
1.124777183600713
1.3346124328472755
0.6785714285714286
0.6364653243847874
1.0039370078740157
1.3171597633136094
1.2189349112426036
1.1741654571843252
0.9426121372031663
1.4107919930374238
1.6241830065359477
1.5936787227109808
1.2297037322046942
1.5019175455417066
1.334888543286677
1.3752702118460873
1.336490939044481
0.9939556749496307
1.0992628992628992
1.289760348583878
1.1718413771902858
0.8067846607669616
0.4965924579736483
0.726882745471878
1.6073394495412845
1.256089074460682
0.5819265143992055
0.3472222222222222
0.39946949602122017
0.6690946930280958
0.767416934619507
0.4388934764657308
0.4108430260501778
0.41080353710111495
0.5379303236446094
0.5865112594771982