2.7058823529411766
2.0833333333333335
3.0239520958083834
2.925
2.0046728971962615
2.26148969889065
2.163277335691129
1.6455542021924483
2.9047619047619047
3.515679442508711
4.174311926605505
5.708333333333333
4.52
4.8561643835616435
5.8604651162790695
2.7142857142857144
3.0
4.315789473684211
6.2
5.777777777777778
4.932584269662922
5.8
5.1022727272727275
5.045454545454546
5.483660130718954
4.864705882352941
4.989130434782608
4.804195804195804
4.750452079566004
5.387596899224806
4.316353887399464
4.625396825396826
4.100671140939597
4.547511312217194
3.4173228346456694
3.0179372197309418
2.528395061728395
2.345771144278607
2.422872340425532
2.2887816646562125
2.766446499339498
1.667205169628433
1.2570093457943925
2.225806451612903
2.58974358974359
3.159090909090909
2.4045584045584047
1.302325581395349
1.1555555555555554
3.1228070175438596
3.8095238095238093
3.44
2.4545454545454546
2.317241379310345
2.9553752535496955
2.5553662691652472
3.3520686963309916
1.3414634146341464
2.7333333333333334
4.454545454545454
5.428571428571429
4.0625
3.6956521739130435
2.421875
2.416
2.880952380952381
3.1260504201680672
2.812698412698413
1.5315315315315314
1.032258064516129
2.121495327102804
3.7142857142857144
3.6597938144329896
0.9166666666666666
3.375
2.896551724137931
3.15625
2.4901960784313726
2.0813008130081303
1.648845686512758