1.4197828709288298
2.019273127753304
1.4594356261022927
1.1698984302862419
1.045219638242894
1.8768558951965066
2.1859154929577467
2.2594226142742584
1.7659492697924672
3.45
4.838624338624339
4.271341463414634
3.6241830065359477
3.2
3.6066666666666665
3.370839936608558
2.6421248835041937
2.8067814854682456
2.256230870135549
4.864978902953586
5.009478672985782
4.70440251572327
4.926829268292683
2.9473684210526314
3.2422907488986783
3.573221757322176
4.83
3.9672131147540983
3.573394495412844
4.090277777777778
3.922920892494929
4.91358024691358
3.5074626865671643
2.4185303514377
2.9866220735785953
3.0273684210526315
3.9112709832134294
2.3721320649132625
2.5339912280701755
2.7884615384615383
2.8849976336961665
2.446840521564694
1.3430470347648262
1.1865530303030303
1.2088452088452089
1.2881464824927722
1.3163878163878164
2.179550245959241
1.9399844115354639
1.7030223390275954
1.743499338915822
2.375242530073729
1.907544378698225
1.279783393501805
1.064964157706093
1.1154752553024352
1.2538141470180306
1.0534534534534534
1.0587606837606838
1.5308280828082808
1.0736178745345173
0.9058109833971902
0.8673535093367676
0.9325135830712039
1.101495242410512
1.05760614465543
2.8157276995305165
4.574766355140187
3.0708661417322833
2.8048780487804876
3.306451612903226
1.766355140186916
1.3020134228187918
2.434389140271493
2.630630630630631
2.453521126760563
1.6770064007877892
1.4540667056758338
1.672809829059829
2.9228441754916794