1.048790404553771
1.7868406742794998
2.007175014068655
1.8531893351333109
1.5112795206203737
1.4461263244805285
1.6025118251508725
1.5352268165395424
1.42989417989418
1.286143572621035
1.7179352810166382
1.8112997936835422
1.8251330743777874
1.8377676158802743
1.3518151815181518
1.4638562543192812
1.7202630953324352
2.0455409356725145
2.0597868981846883
1.457028001108955
1.8422571799682494
1.4720696689157382
2.2591076873696037
1.906218487394958
2.1925875085792725
1.6905256596717224
1.946665709568588
2.1825481418318766
2.4225909991122037
2.45775521714608
1.472396486825596
1.5779703919613408
1.6867313915857605
2.5623904382470117
2.0832704131161686
2.3088001339696893
2.1622033898305086
2.8530519110096977
2.1964870704676938
2.5921564270636597
2.4303163169433133
2.1783737024221455
2.7579938967759055
2.5572212348350205
2.2353643966547194
2.090042372881356
2.7641629987221354
2.5841220511371663
2.267680258005068
1.405366492146597
1.4857295754548698
2.398762788484416
2.0093523910358213
2.096094745521325
1.5448759579166125
1.0703529411764705
1.2997780915876538
1.1813414297543472
1.8182921893970052
1.5556087060511838
1.4415584415584415
1.6061569016881827
1.995046439628483
1.5743112145906093
1.3347820837860678
1.7403389830508476
1.4968875869644818
1.987876254180602
2.3334828235716207
1.8496783770410687
1.4641082274986195
0.970402717127608
1.4915358952180897
1.6796544276457883
1.5598561759729273
1.4261396422388921
1.0621831699898614
1.2729634724132661
1.8363778705636744
1.811852203497112