0.5407704773129052
0.5407505616322321
0.6445099649175189
0.6630155141498402
0.4707224965763373
0.4039785445791274
0.4141921667147152
0.5051379748296964
0.6534011153685648
0.5365320446438845
0.47966684914366153
0.46904212461375994
0.4890572390572391
0.6533151266879077
0.5364675205153769
0.4796121818679385
0.46898951978726733
0.5920368385534517
0.6860347410616674
0.6185067007019783
0.9165446559297218
0.9425202652910832
1.1319981075540135
1.1319772942289499
0.7673027627456566
0.6105179123839937
0.4505805485038911
0.5050388491422417
0.6532817654419293
0.6628880838300028
0.6185777475331745
0.916396697669558
0.5963139120095124
0.6103740648379052
0.4505700257967879
0.6265652051374965
0.6860935729318439
0.4706833637419141
0.5179791441927364
0.92751310690677
1.1495592834802388
0.6686926605504587
0.7850928756172114
0.6893040831321507
0.44291727514818313
0.47118940629100886
0.592113614725484
0.5331807780320366
0.5843760025665704
0.4485703520743501
0.52952286729325
0.4592185213110392
0.529499055670474
1.0381198347107439
0.4069026466347272
0.42166438325893846
0.41422284374614404
0.6264284564622565
0.5331518952392221
0.4796938456732271
0.4690832389359791
0.5920212555022406
0.6859731435042873
0.6184244072405881
0.40474870657797485
0.3671188779029662
0.9157292659675882
0.49057730024729257
0.47803212851405624
0.4690904830710353
0.4890162368672397
0.5417379023266186
0.5406130549838283
0.5405931860781359
0.644168808432972
0.6626206037970744
0.4706150341685649
0.5179349046015713
0.39742277633048007
0.4428234284488307