1.6745098039215687
2.1399317406143346
2.081858407079646
1.8564102564102565
1.4886075949367088
1.890282131661442
1.8021978021978022
1.8611111111111112
1.5833333333333333
1.776190476190476
1.9423076923076923
1.7459016393442623
1.6518218623481782
1.5639097744360901
1.8545454545454545
1.8478964401294498
1.7466784765279009
1.950943396226415
1.9920886075949367
2.345029239766082
1.95
1.5842696629213484
1.5625
2.127659574468085
2.036363636363636
1.54
1.4512534818941505
1.4765840220385675
2.2065217391304346
1.8764478764478765
1.8062953995157385
1.8096415327564894
1.8870614035087718
1.8465346534653466
1.6506245407788391
1.5691797845898923
1.7665137614678899
1.767253044654939
1.5750692520775624
2.0203389830508476
1.6020408163265305
1.8289156626506025
1.5507692307692307
1.514360313315927
1.5883306320907618
1.6959033613445378
1.5106151333696245
1.7212701612903225
1.7276080084299263
1.8022657054582905
1.7925721058870012
1.6044214487300095
1.8096192384769538
1.8133439237490072
1.5938009787928222
1.5743589743589743
1.7316939890710383
1.7665615141955835
1.5757743362831858
1.2937399678972712
1.1833333333333333
1.3636363636363635
1.4658536585365853
1.449339207048458
1.335149863760218
1.371047083626142
1.4400340232492204
1.439909297052154
1.6513855627779679
1.6968654434250765
1.7406967537608868
1.5652784277023866
1.798780487804878
1.8126984126984127
1.7899921197793538
1.7922590837282781
1.8098336948662328
1.6504035216434336
1.5694789081885856
1.5209555741827325