4.752631578947368
6.800000000000001
4.695833333333333
4.611111111111111
7.172
22.53333333333333
32.5
22.5
19.428571428571427
20.233333333333334
15.876923076923077
12.499999999999998
11.073076923076922
19.0
20.9
21.0
19.4
7.5
8.083333333333334
4.331818181818181
4.254545454545455
4.25
4.3
3.7
4.6
10.5
5.553846153846154
5.68
11.585714285714287
14.9
18.6
13.0
7.8
15.4
15.433333333333332
18.59090909090909
12.59
15.0
11.8
13.7
19.6
15.9
4.5
6.860000000000001
4.3500000000000005
6.2
2.8
5.2
6.7
4.4
3.6750000000000003
6.610000000000001
8.857894736842104
16.8
11.0
16.6
10.8
17.0
17.275
15.010000000000002
7.0375
5.1
5.4
3.9
8.2
6.1
3.675
5.0166666666666675
4.83
3.1
4.9
2.0
6.966666666666668
4.1000000000000005
5.5
6.507894736842105
11.146153846153847
8.760000000000002
10.513636363636364
12.849999999999994
12.399999999999999
11.562499999999998
11.133333333333333
9.11
11.125
5.249999999999999
6.928571428571429
9.7
5.1000000000000005
4.7375
6.7
4.375
3.7680000000000002
4.0212121212121215
3.9654545454545453
3.9761904761904767
4.3999999999999995
4.019047619047619
4.2518518518518515
6.887603305785126
9.973684210526311
9.114960629921258
9.997368421052633
10.240909090909087
10.997777777777774
10.162411347517736
9.574358974358972
8.831746031746029
9.901818181818182
8.605555555555556
6.4575000000000005
4.550000000000001
5.220408163265307
5.441463414634147
4.6
4.658666666666669
3.8252525252525236
4.075903614457832
3.8641025641025633
4.794117647058823
4.14135802469136
3.9317919075144525
4.321052631578947
6.49099378881988
9.647572815533978
10.13984375
10.058095238095232
11.139473684210525
9.892118226600987
9.294488188976377
8.75714285714286
8.248128342245986
10.1
10.967924528301884
7.774285714285715
6.403703703703704
4.971917808219179
6.287804878048779
4.645977011494253
4.652525252525253
4.084615384615384
3.9944444444444454
4.117948717948717
4.5194805194805205
4.422525597269623
4.6854545454545455
5.945833333333333
6.249815498154984
8.954961832061068
8.85869565217391
9.102272727272727
8.587919463087248
10.601877934272297
8.990769230769228
10.413043478260873
10.870422535211269
11.134920634920631
10.039285714285713
6.899074074074072
6.223333333333334
6.141666666666666
6.374418604651162
5.610526315789474
4.312903225806452
4.284259259259259
3.783333333333334
4.065068493150682
4.982208588957054
5.565476190476191
4.4222222222222225
5.169999999999999
6.179245283018863
9.740170940170943
10.662337662337665
9.63157894736842
11.192920353982299
13.939024390243903
15.313333333333334
11.878571428571428
11.919230769230769
9.69875
9.705
7.5393258426966305
7.458181818181817
6.8277777777777775
5.042857142857143
5.116666666666667
4.774
3.9218749999999996
3.625
3.9631901840490804
5.692187500000001
5.875555555555557
4.35090909090909
4.062962962962963
6.604469273743018
8.23131313131313
10.809523809523807
14.41224489795918
17.833333333333332
17.336363636363636
27.049999999999997
27.95
18.83846153846154
12.094999999999997
11.081395348837209
9.038461538461537
16.033333333333335
11.62
6.9
6.6
5.483333333333333
4.263636363636365
3.9445945945945935
4.797727272727273
6.339999999999999
6.418181818181818
6.112500000000001
3.766666666666667
4.908333333333333
9.142424242424244
11.359340659340662
10.549999999999999
10.9
10.071428571428571
10.000000000000002
9.2
14.642857142857144
9.486666666666668
10.085185185185185
6.843478260869565
5.6
8.616666666666667
12.35
4.45
3.6090909090909093
5.275862068965516
3.748076923076923
4.321428571428571
4.675