23.5
22.2
14.4
14.4
5.7
5.7
5.7
6.2
5.6
5.6
5.6
5.6
5.6
5.6
5.6
8.2
8.2
8.2
8.2
8.2
8.2
8.2
8.2
8.2
8.2
8.2
8.2
8.2
8.2
8.2
7.7
7.7
7.7
6.7
6.7
6.7
7.7
7.7
7.7
7.7
7.7
7.7
6.3
12.8
12.8
12.8
12.8
22.9
25.3
25.8
20.8
10.1
9.2
8.1
8.3
6.5
5.6
8.1
6.5
7.2
8.318181818181818
7.4
7.4
7.6
9.5
6.7
8.733333333333334
15.8
17.5
17.2
22.7
21.6
22.25
20.1
12.0
10.9
8.5
8.366666666666667
8.35
9.6
7.5
5.466666666666666
7.233333333333334
7.715789473684212
6.87
6.2
7.3
8.65
11.04
8.133333333333333
7.5
12.75
9.2
8.633333333333333
11.65
14.125
14.6
15.4
13.2
8.5
7.5
8.1
6.4
6.7
7.488888888888888
7.889999999999999
7.321052631578947
8.117647058823529
6.1833333333333345
6.400000000000001
8.114285714285712
6.641666666666667
7.021428571428571
8.021052631578948
6.922222222222223
9.66
7.6000000000000005
5.597222222222224
7.485714285714287
8.95
7.6499999999999995
10.0
4.7
6.745
5.842857142857143
6.533333333333334
5.58
4.1
6.3
8.36
7.151162790697675
7.074025974025973
7.612244897959185
6.195652173913044
6.835064935064933
6.288888888888888
6.8488721804511234
6.53181818181818
7.147619047619047
7.283333333333336
7.456097560975608
6.143750000000003
6.231297709923664
5.88811188811189
9.81904761904762
10.390476190476189
8.68
6.4170000000000025
5.830718954248367
5.537398373983742
6.194736842105264
4.5375
7.020000000000001
7.4377622377622385
6.927218934911247
6.711475409836062
6.777777777777778
6.583333333333333
6.286792452830186
6.394705882352944
5.499218750000002
5.883333333333331
5.553846153846154
7.3679999999999986
7.597777777777777
7.198540145985408
9.382608695652175
19.68
18.2
7.4
11.257142857142856
7.8633663366336615
7.928571428571428
6.957142857142857
6.1
4.4
6.58125
6.397196261682243
7.1
6.823076923076924
6.566666666666666
6.7
7.95
7.454081632653064
9.360000000000001
7.882352941176471
6.49047619047619
7.471428571428571
8.016666666666666
7.290163934426227
23.0
15.0
16.599999999999998
5.575000000000001
4.1
6.412499999999999
10.3
6.466666666666666
7.166666666666667
7.8199999999999985
7.875
7.085526315789473
7.949999999999999
7.785714285714286
6.854545454545454
6.5942622950819665
6.874999999999998
6.551694915254236
7.3
8.0
6.279999999999999
6.119580419580421
5.866666666666666
5.97007299270073
14.850000000000001
12.98
14.95
7.778431372549015
7.46923076923077
6.32023121387283
8.325
8.0
7.833333333333333
8.318181818181818
7.264130434782608
7.0674418604651175
8.526315789473685
7.166666666666667
7.072727272727272
6.712941176470588
7.418867924528304
7.022758620689658
8.214285714285712
8.672727272727274
8.977777777777778
6.3725000000000005
6.342857142857142
14.143749999999999
18.5
18.5