9.0
9.0
9.0
6.9
7.3
3.2
3.2
3.2
3.2
5.1
5.1
3.5
3.5
3.5
6.2
6.2
6.2
6.2
6.2
6.2
6.2
6.2
6.2
6.2
6.2
6.2
6.2
6.2
6.2
6.2
6.2
6.2
5.6
5.6
5.6
4.9
4.9
4.9
5.4
5.4
5.4
5.4
5.4
5.4
5.4
8.3
8.1
7.6
8.3
12.5
8.4
3.7
11.1
9.9
4.8
3.1
4.0
4.5
5.2
6.9
6.5
5.0
7.1
5.6
3.8
4.7
3.3
4.5
7.2
7.9
8.3
13.6
10.9
14.1
10.3
6.8
4.6
5.1
5.0
3.6
3.5
6.0
5.0
6.4
6.233333333333333
6.1
5.4
5.816666666666667
5.066666666666666
7.8
6.8
9.25
7.266666666666667
6.544444444444444
6.281249999999999
8.3
5.3
3.3
5.3
5.1
3.4583333333333335
4.4
6.5
4.7
5.5
2.0
3.7874999999999996
5.65
4.0
5.300000000000001
5.26
5.25
5.362499999999999
5.6625
5.640000000000001
6.67
7.177272727272728
6.9799999999999995
7.925
11.3
8.4
7.166666666666667
4.3652173913043475
4.328571428571428
12.4
7.6
1.75
4.166666666666667
5.753571428571429
5.3875
5.7
5.937499999999999
5.8
4.891666666666667
4.724242424242423
5.857142857142856
3.7
6.1
7.124999999999999
6.6933333333333325
6.698148148148146
6.36153846153846
6.9799999999999995
6.525000000000001
6.8
5.74
4.022727272727272
4.922727272727273
2.7
3.775
3.8
5.449999999999999
4.856410256410257
4.881818181818181
6.6
3.3333333333333335
6.449999999999999
5.7875
4.969354838709678
5.566666666666667
5.3
4.768421052631578
4.2375
5.276923076923078
6.332727272727274
7.130952380952381
11.325
11.25
11.675
6.3
4.1724137931034475
4.6130434782608685
1.8
2.0
4.359999999999999
5.7
5.758974358974358
5.824999999999999
6.0
6.0
5.9
4.338461538461539
6.139583333333332
5.447058823529413
9.1
3.633333333333333
4.15
5.463636363636363
6.23
6.970000000000001
8.0
9.6
6.3
9.688888888888888
6.369565217391305
5.636363636363637
7.6
6.8
5.0
5.22
5.8047619047619055
5.880000000000001
5.9
3.4
7.75
5.775
5.433333333333333
5.407692307692307
4.366666666666666
3.2
4.542857142857143
6.092307692307693
5.65625
8.245454545454546
6.350000000000001
4.75
12.166666666666666
8.23846153846154
4.9363636363636365
3.641666666666667
3.7857142857142856
2.85
6.211111111111111
4.355555555555556
5.456249999999999
5.433333333333334
5.033333333333333
3.9
3.822222222222222
4.905555555555556
5.514285714285714
5.391666666666666
4.5227272727272725
4.14
5.824999999999999
5.031666666666666
6.080597014925374
6.435714285714284
7.378787878787878
7.0966666666666685