7.1
9.0
10.4
13.9
12.9
9.0
15.8
21.0
13.7
12.3
11.7
9.4
9.2
7.1
6.0
5.0
3.2
3.5
5.4
4.2
3.1
2.2
3.6
6.4
9.4
7.9
8.7
10.2
9.4
7.5
4.5
5.4
6.4
4.9
8.2
8.0
8.7
20.6
14.6
15.6
15.6
15.6
15.6
15.6
15.6
15.6
15.6
15.6
7.2
7.2
7.2
7.2
7.2
7.2
7.2
7.2
7.2
4.9
4.9
13.6
8.2
8.2
8.2
8.2
8.2
8.2
8.2
8.2
8.2
8.2
8.2
6.1
8.0
8.5
10.2
9.7
10.1
11.1
15.2
25.8
18.0
6.5
6.8
5.9
6.6
6.6
6.2
4.9
4.9
5.1
4.4
3.2
5.6
3.3
10.9
24.7
22.8
14.7
13.1
10.9
19.2
28.2
30.0
20.0
18.4
17.5
19.6
17.4
8.3
6.2
6.9
4.8
5.5
5.1
6.1
3.8
2.7
2.0
5.0
9.2
13.0
9.0
6.6
5.9
7.1
20.9
16.1
16.0
10.9
11.1
7.9
10.8
7.4
4.7
9.6
15.0
7.4
4.5
4.5
4.5
4.5
4.5
7.1
7.1
7.1
25.2
19.9
13.0
13.0
13.0
13.0
13.0
13.0
12.9
9.1
13.6
12.9
12.5
8.0
8.2
7.6
7.6
5.0
4.4
4.4
4.4
4.4
10.4
10.4
10.4
13.0
13.0
13.0
13.0
11.4
11.4
11.4
11.4
8.3
8.3
8.3
8.3
8.3
7.5
7.5
7.5
7.6
6.0
6.0
6.0
6.0
6.0
6.0
6.0
6.0
6.0
6.0
6.0
6.0
10.1
6.9
6.9
6.9
6.9
6.9
6.9
6.9
6.9
6.9
6.9
7.5
7.5
7.5
7.5
7.5
7.5
7.5
7.5
7.5
7.5
7.5
7.5
7.5
7.5
7.5
7.5
7.5
7.5
7.5
7.5
7.5
7.5
7.5
7.5
7.5
4.2
4.2
4.2
3.6
4.1