4.6
7.5
13.2
13.2
13.2
13.2
13.2
7.6
3.5
5.4
7.2
7.2
7.2
7.2
7.2
7.2
7.2
7.2
7.2
7.2
7.2
7.2
4.2
4.2
4.2
4.2
4.2
5.5
5.5
5.5
5.5
5.5
3.2
3.2
3.2
3.2
3.2
3.2
3.2
3.2
3.2
3.2
3.2
3.2
3.2
3.2
3.2
3.9
3.5
2.5
6.0
10.3
6.1
7.2
3.6
3.8
5.0
4.2
7.2
5.7
5.5
8.4
7.4
7.1
6.8
3.8
3.2
6.5825139664804455
6.411371712864261
5.318720379146919
5.415751575157518
6.251551312649161
5.641654357459375
6.810219435736682
8.381315396113603
7.341925133689841
5.292063492063492
4.950883652430043
5.21066066066067
5.754883720930233
6.265167548500881
6.232688588007731
5.251130163678874
5.163643122676572
5.799413145539908
7.591951710261571
7.777951388888888
6.504569687738013
5.818181818181825
5.647908366533868
5.139273356401387
5.9326763485477105
7.409966405375148
7.536437718277068
5.626552462526764
5.441543513957309
4.989952153110048
4.647747747747749
5.103606557377052
5.11187739463601
5.109608938547489
4.823714285714284
5.276978417266189
4.901159114857747
4.718243243243248
5.311533586818757
5.516666666666663
5.46149425287356
6.013355874894347
6.849378881987575
6.927180355630831
7.233442622950822
5.968918918918917
6.160082987551874
5.550505050505052
6.012531969309462
5.1048117154811745
4.889297658862872
5.163949044585988
4.63511904761905
4.911689814814815
4.5169590643274855
6.582981220657276
6.6560390763765565
6.132211538461537
5.655029585798816
5.335680751173707
4.881194690265489
5.570048899755508
6.390795352993749
6.06398791540787
6.082685904550506
7.036732186732194
6.765724381625445
5.858970099667776
6.802144899904679
5.70891719745223
4.827650727650729
6.054270597127743
5.241492216854532
5.032477535301673
4.893039999999995
5.054871794871795
5.1728515625
5.05129682997119
4.872755417956663
4.927391874180858
5.100000000000003
4.781832543443914
5.254304245283018
5.194070080862532
4.998648648648643
4.951298701298704
5.194423791821561
5.289090909090909
5.886845637583885
6.0535955056179755
5.061748633879781
5.92435312024353
6.261510530137984
5.9696808510638295
6.330891330891334
5.412798634812289
6.3569823434991966
5.193027360988521
4.954536489151873
5.028755364806865
5.103709428129829
4.654609929078013
4.8106986899563315
6.315983175604629
7.106970509383372
4.74552715654952
5.404813278008302
4.773157162726011
5.743261562998414
5.628112175102609
5.238729508196718
5.411867088607592
6.292923433874712
5.7362628336755686
6.288706218727659
6.416816277678036
5.902202989771843
6.074279379157429
5.702499023818814
5.308066666666674
4.3
5.099924299772891
4.6934280639431645
5.285940246045701
5.097763280521904
2.8
5.527964131517771
5.41135407905803
6.8848401323043005
6.190153172866521
3.8
5.850000000000006
6.035704387990775
5.150044843049325
5.53302201467645
5.3
6.615097511768655
5.572052631578941
5.0913915094339615
7.118376068376076
5.5
5.873276157804462
5.330581039755348
5.464389697648381
6.261781946072683
6.1940527283874935
5.1709055118110205
5.173981324278432
5.324341412012638
5.110704225352114
4.842263056092845
4.873243647234679
5.120954907161799
6.288804841149779
5.848684210526315
5.574068554396425
6.777163461538473
5.211773584905659
4.885758513931891
5.360891089108909
4.899340659340661
6.633928571428569
6.201699346405232
5.781419939577046
5.746221441124782
6.120261437908497
5.693820224719097
5.432677966101692
6.74046822742476
6.052226720647778
4.962013729977121
5.284430604982202
5.101284916201115