25.0
25.0
25.0
25.0
25.0
9.4
9.4
9.4
9.4
9.4
9.4
9.4
9.4
9.4
9.4
9.4
9.4
5.4
5.4
5.4
5.4
5.4
5.4
5.4
5.4
5.4
5.4
5.4
4.8
4.8
4.8
6.4
6.4
6.4
6.4
6.4
6.4
6.4
6.4
6.4
6.4
4.3
4.3
4.3
4.3
4.3
4.3
11.4
14.9
15.8
12.9
8.5
4.7
3.0
3.3
3.9
2.9
2.9
1.6
2.5
2.5
3.5
2.8
2.5
2.7
3.6
4.3
4.4
5.7
9.0
15.0
16.03846153846154
15.8
15.8
15.8
13.0
4.7
7.2
4.7
2.6
2.8
3.1599999999999997
2.5
2.4
1.7
2.3
3.1674157303370776
1.9
4.557142857142857
4.04375
4.4
5.104166666666667
6.0
4.3
4.3
7.8478260869565215
8.150819672131144
14.2
8.505882352941175
7.838636363636365
3.6
6.683333333333333
4.74
2.0
3.0
3.3133333333333326
2.76909090909091
1.9
3.0401408450704213
3.2000000000000006
3.2199999999999993
2.5111111111111115
3.0178571428571437
4.1
3.7
5.395238095238095
13.344444444444443
15.9
14.744736842105265
13.832558139534886
12.461842105263157
12.546875000000004
9.994805194805195
8.740579710144926
9.334482758620691
4.839506172839504
4.2625
3.0
3.706666666666666
3.9785714285714278
2.544615384615385
3.208888888888889
3.145283018867925
2.407142857142857
2.925233644859813
2.651851851851852
4.7749999999999995
6.545454545454546
7.176315789473685
7.825000000000001
6.7333333333333325
6.7576923076923086
7.02688172043011
5.514999999999999
5.850000000000001
6.401754385964912
4.002173913043479
5.014814814814817
3.576623376623378
6.295121951219511
3.8927710843373498
4.055454545454545
3.846721311475411
3.407692307692307
3.4932432432432434
3.57764705882353
4.402439024390243
3.2123287671232874
3.1898305084745764
3.4848484848484844
3.041176470588235
5.634426229508197
5.653968253968255
5.542553191489362
4.158208955223879
14.126666666666665
14.690909090909095
14.596428571428572
13.673913043478262
12.212499999999995
9.001694915254237
8.566292134831459
5.52690355329949
4.379464285714286
7.319417475728151
5.9125
4.529999999999999
3.01904761904762
3.8846153846153837
3.4142857142857146
3.0341772151898745
3.3060240963855425
3.4151960784313715
3.507514450867049
2.577631578947369
4.394444444444445
8.430000000000001
5.879999999999999
11.092857142857143
15.906666666666668
13.450000000000003
14.780000000000005
13.319047619047621
10.428301886792454
11.903846153846157
7.6923076923076925
6.5
4.7
4.12051282051282
3.2374999999999994
3.48125
3.7499999999999987
3.0031250000000003
2.6758241758241756
2.6687500000000006
2.8625
2.1222222222222222
2.952631578947368
3.1550000000000007
3.5545454545454547
5.721621621621622
6.039393939393938
6.462121212121213
7.74366197183099
10.436363636363636
11.171428571428573
12.746666666666668
10.319354838709671
9.542105263157895
6.516666666666667
4.149056603773584
3.626984126984127
3.7240384615384623
4.1560000000000015
5.542105263157895
3.0096774193548397
2.726470588235294
2.916470588235293
2.696
2.225
2.9786885245901646
2.839583333333333
3.415714285714285
3.916129032258065
5.516
6.5103448275862075
6.504545454545454
7.610666666666666
6.8325581395348856
7.878571428571429