7.5978356061553916
7.592856696456477
7.585256971364267
7.58147568683898
7.573714536230979
7.560993664136507
7.55156730950437
7.5367930469832505
7.520980082200447
7.528041825095063
7.528873239436626
7.522146713242303
7.522132502543241
7.519320783515651
7.516307046018719
7.508375294792536
7.5038343558282286
7.509554505999497
7.521836812627298
7.533030841477353
7.5404667046101395
7.557079813390499
7.5605223410950355
7.562645303173113
7.557553278430887
7.554715201810644
7.553739316239321
7.550059714626944
7.5515376391421976
7.542179527559059
7.5425518502174915
7.538546463945497
7.535206820334707
7.548387299987404
7.545871097683788
7.5368885526979374
7.529286616161624
7.52622649870229
7.525090309905574
7.512252286585369
7.505938453713129
7.5020425044540655
7.503939914709443
7.52118902439025
7.541821631878566
7.557143758279195
7.571358675197599
7.580455170689012
7.592763198902954
7.610536136335371
7.61194929472442
7.603809346259015
7.594334929419818
7.581714072322157
7.564116950314824
7.53189212864473
7.508210830506347
7.502457002457008
7.512490523123583
7.514805425275706
7.515021867275153
7.517628428453796
7.509573995301891
7.499102939305261
7.499452368823235
7.506623401412488
7.51856499968309
7.529329291398265
7.543178099433612
7.555415933651678
7.556924234821885
7.573814136616467
7.574012603731208
7.573115060804493
7.57097337407246
7.562715355805247
7.55540489877531
7.551954468697233
7.550385024729234
7.548516896120154
7.544964592341925
7.539649651535134
7.534328452014334
7.529527286460635
7.529359587317568
7.528137575452721
7.514450611832982
7.508501486495038
7.507175456389458
7.511340598074005
7.5194400556152505
7.51885851379507
7.524320746390981
7.530860702151765
7.532071913502647
7.5567293233082795
7.574684177611012
7.569440807929684
7.566564875981556
7.565235275786854
7.566137269556554
7.1
3.2
5.0
3.6
4.7
3.7
4.3
4.7
4.4
7.512288912782246
7.5171107463063604
7.512331711017009
7.5164246938517945
7.518376230128697
7.526822359310093
7.542838304552597
7.5531183469004475
7.556762500000008
7.56359441257172
7.565212785843362
7.568687371631298
7.57738827770527
7.579590189382186
7.595082780430342
7.609104986063802
7.601863315587474
7.596625804853892
7.586663776015862
7.566306909812683
7.526677037958932
7.490329642834808
7.473283497707148
7.505247611865265
7.516034047919302
7.505281779125605
7.5019230769230845
7.503294757478032
7.505775306457735
7.524492497793478
7.547828546288741
7.558889097626663
7.5689925861317136
7.578208232445527
7.587900179577691
7.593537814606404
7.601766959100464
7.609402975859731
7.60941416136799
7.602865789636222
7.589452207246206
7.571889315339861
7.5550524161032255
7.522119815668208
7.496172368503352
7.504579913539261
7.511822289156635
7.523182217757138
7.525826485164057
7.523826556224913
7.522287721058586
4.5
7.1
7.6
8.5
8.5
9.7
6.0
14.3
10.6
7.600247111879914
7.617232440439458
7.611486736582363
7.601857680676425
7.594695893794389
7.578485784919664
7.538503038571262
7.497569790628124
7.459900896945379
7.49633970542151
7.513684276571727
7.511061557788957
7.511771363893617
7.50849015041854
7.509421248189444
7.515198390240848
7.520549664303209
7.539417245044719
7.574471941007388
7.589915756630278
7.614878914275052
7.629148843841063
7.619479879213664
7.600911723033333
7.593859054195704
7.575140440767958
7.537281000433364
7.531862137366734
7.513689181631773
7.530540187729233
7.540108316733078
7.534271099744252
7.532205505961678
7.519518599562374
7.513410658307222
7.513390170511546
7.513859087772143
7.5108426931041095
7.509893081761017
7.5152730696798615
7.512307885327156
7.522702499530177
7.537587456271876
7.541906542056087
7.546555050725101
7.556739130434795
7.55607969710137
7.5670218037661146
7.572512522416682
7.572147049737421
7.56990423231388
7.5635323229198965
7.559551952472315
7.549649959729888
7.540617827678192
7.51927336070674
7.502299281474551
7.492339038304819
7.499647843038622
7.490027753248402
7.481910055583642
16.055555555555557
32.8
9.6
7.0
8.8
19.2
11.1
8.5
6.9