11.3
11.3
11.3
11.3
11.3
2.0
2.0
2.0
2.0
2.0
2.0
2.0
2.0
2.0
2.0
2.0
2.0
2.8
2.8
2.8
2.8
2.8
2.8
2.8
2.8
2.8
2.8
2.8
4.0
4.0
4.0
4.0
4.0
4.0
4.0
4.0
4.0
4.0
4.0
4.0
4.0
4.7
4.7
4.7
4.7
4.7
5.0
6.7
5.8
3.5
4.063888888888889
4.7532786885245875
3.888082901554402
3.7956521739130396
3.9571038251366075
4.272706935123045
4.501428571428575
3.963757115749523
4.50631578947368
4.509898107714701
4.069674556213014
4.525035161744018
4.144923857868019
4.554545454545458
5.1107728337236535
5.700431034482762
5.754705882352943
5.626174496644293
6.172727272727272
7.534999999999999
7.91891891891892
9.917647058823531
7.26
4.15
5.816666666666666
4.25
3.7568181818181814
3.6733933161953694
3.7000000000000015
4.308093278463651
4.208736349453978
3.933630952380952
4.135614525139662
4.429901423877333
4.723307086614173
3.672376873661667
3.401759530791788
4.003196347031965
3.069230769230771
3.894635193133045
4.918181818181815
5.101913875598086
8.747150259067359
6.290400000000001
7.30163934426229
6.8896103896103895
5.992156862745098
3.927272727272728
4.271428571428571
4.746000000000001
4.586428571428572
3.393333333333334
4.183760683760683
4.770445344129552
3.8584980237154136
4.160588235294116
4.46809523809524
3.831673582295991
4.312389380530978
3.3977777777777756
4.492400690846283
4.730622009569378
4.388203753351205
5.372839506172841
4.646474358974359
4.2388888888888925
9.561111111111112
6.566666666666666
5.677777777777778
6.180000000000001
5.7894736842105265
6.579518072289154
4.425
4.2
3.063636363636364
3.8466666666666667
3.75031847133758
5.018126888217525
5.444386422976502
4.9602272727272725
4.5194312796208544
2.805882352941176
4.1607142857142865
3.997530864197529
4.765277777777777
4.120967741935481
4.117777777777778
5.902448979591837
7.858333333333335
9.571428571428571
18.9
7.133333333333333
8.666666666666666
5.0600000000000005
7.409090909090907
6.3
5.2
2.5333333333333337
4.62
5.3076923076923075
10.271428571428572
13.725000000000001
14.3
9.3
4.6
4.333333333333333
3.4
3.790909090909091
4.066666666666666
3.800343642611681
3.2424050632911396
5.373333333333334
6.8066666666666675
5.5125
5.92
6.078048780487804
8.125
10.451851851851849
9.355555555555556
7.515384615384615
5.083333333333333
5.533333333333332
5.0
2.942857142857143
3.5594594594594597
3.9
4.8271604938271615
4.324752475247525
4.106923076923078
3.0204819277108435
3.4944444444444436
4.063959390862942
3.33873873873874
4.402702702702705
4.980893300248137
5.080136986301371
4.006666666666665
5.0475524475524445
6.0587719298245615
6.3
6.9359550561797745
6.399999999999999
7.119607843137255
5.902631578947367
4.610344827586207
4.5109375
5.985714285714286
5.3888888888888875
5.311594202898548
3.8961538461538447
4.150000000000001
3.559139784946235
4.224324324324325
3.6212121212121215
4.247513812154693
2.736842105263158
3.722727272727273
4.336956521739129
3.4890410958904114
4.510204081632653
4.445945945945946
4.45675675675676
5.345533769063181
7.085135135135138
7.994897959183675
8.195384615384615
6.151428571428572
3.2444444444444445
4.159999999999999
3.1437500000000003
4.430909090909091
3.9249266862170065
3.3921768707482998
3.819999999999999
3.723788546255507
3.5744897959183666
3.4128342245989334
4.392716535433071
3.8715421303656603
3.7173758865248208
3.6088636363636355
3.8728155339805848
4.636445242369835
5.09427083333333
4.504498269896193
4.796996996996996
6.229203539823006
6.060693641618498
5.407142857142854
5.64255319148936