13.9
13.9
13.9
13.9
13.9
9.3
9.3
9.3
9.3
9.3
9.3
9.3
9.3
9.3
9.3
9.3
9.3
4.2
4.2
4.2
4.2
4.2
4.2
4.2
4.2
4.2
4.2
4.2
6.3
6.3
6.3
6.6
6.6
6.6
6.6
6.6
6.6
6.6
6.6
6.6
6.6
5.2
5.2
5.2
5.2
5.2
7.1
9.2
10.6
13.4
15.064556962025318
6.876923076923077
8.733333333333334
11.925
10.6875
7.925287356321838
7.141666666666666
7.884070796460175
7.831527093596061
7.343309352517989
6.2945590994371425
6.181365313653132
5.450000000000003
5.72949547218629
5.2409975669099795
6.312831241283128
6.312715855573003
5.98636363636364
6.937271214642263
7.685517241379319
7.466802168021685
6.59854166666666
6.195674740484423
8.490370370370368
8.239446366782
6.568472906403943
6.150454545454546
6.859999999999995
7.528125000000001
8.950816696914696
9.221982758620694
10.58458333333333
13.354385964912284
10.862121212121213
7.561538461538461
6.36
13.38
13.5
11.444117647058823
5.925
7.514285714285714
7.333333333333333
7.156249999999999
7.186206896551725
8.01766784452297
7.6884931506849306
6.785109983079522
7.119524617996603
8.423008849557519
7.380761099365754
5.833673469387754
6.606962025316459
7.087164179104476
8.428151260504203
7.174703557312249
7.955211267605635
9.107826086956523
5.786956521739131
8.614814814814816
9.191666666666666
5.8875
5.629411764705884
5.070212765957446
5.36962457337884
5.418081180811815
6.599516129032267
7.348594377510045
6.508811188811191
7.987979094076656
8.607254901960786
9.523202614379091
10.023706896551726
8.525663716814153
8.282872928176799
8.223699421965318
6.564039408866993
5.9135802469135825
6.017142857142859
6.6778761061946925
6.856915739268686
6.291816693944352
6.718975069252073
5.883584337349399
7.417864923747276
6.548529411764705
5.785201793721971
4.5046874999999975
4.796197718631177
8.34835164835165
9.265060240963853
9.616666666666669
9.667796610169491
9.150704225352108
7.01217948717949
7.0050251256281415
5.557534246575342
6.404629629629629
6.699024390243901
6.755967078189304
7.621666666666661
9.15686274509804
10.358176100628942
11.711167512690356
7.786486486486486
6.014285714285713
4.729268292682927
5.122222222222221
7.261861861861864
5.872656249999998
6.168951612903227
5.409053497942385
6.55359712230216
9.447619047619042
9.718705035971224
7.612500000000002
6.155862068965518
12.65
9.337499999999999
10.978571428571428
13.066666666666668
9.936764705882352
8.03291139240506
8.622499999999999
8.174683544303798
12.987499999999999
13.505555555555556
6.133333333333333
5.233333333333333
7.772222222222224
7.545833333333334
5.661157024793391
12.058333333333332
10.720000000000002
11.500000000000002
5.6
8.142857142857142
6.81111111111111
6.490909090909091
5.996446700507607
7.778231292517004
7.510126582278485
7.245271629778668
7.457581573896349
11.876666666666665
15.799999999999997
12.9
9.925
11.833333333333334
11.75
10.248148148148148
7.738888888888888
6.895238095238096
7.731578947368422
8.020454545454543
7.918813559322034
8.753025477707011
8.657536764705885
6.580349344978164
6.12109375
7.286639676113364
5.592045454545457
8.434579439252333
7.3662500000000035
6.999122807017542
6.423026315789474
7.655857740585772
7.411651917404131
6.494408945686894
10.918269230769234
8.564102564102562
8.884782608695652
11.00740740740741
11.375000000000002
9.261290322580647
9.868333333333334
6.979310344827587
5.258823529411765
6.626126126126125
6.525
8.419595959595958
7.186516853932577
6.429216867469882
7.970422535211271
5.906250000000002
5.89125874125874
5.81496815286624
6.0174573055028535
8.597574123989219
7.526804123711335
7.394578313253015