20.1
20.1
20.1
20.1
20.1
2.7
2.7
2.7
2.7
2.7
2.7
2.7
2.7
2.7
2.7
2.7
2.7
2.3
2.3
2.3
2.3
2.3
2.3
2.3
2.3
2.3
2.3
2.3
2.4
2.4
2.4
2.0
2.0
2.0
2.0
2.0
2.0
2.0
2.0
2.0
2.0
2.9
2.9
2.9
2.9
2.9
2.9
17.7
17.9
14.5
8.0
4.5
5.0
4.4
2.5
2.6
2.5
3.0833333333333335
2.9565656565656555
2.9852534562211983
4.110875160875165
4.470179317121096
4.80453542042946
5.246521818513794
5.502035431586891
5.399867874669703
6.363821050356598
11.519140625
19.749450549450554
18.221568627450985
18.814705882352932
17.446666666666665
16.36
9.0
5.6
4.8
6.4
4.05
3.3499999999999996
3.1090909090909093
3.022222222222223
2.923076923076924
3.089285714285715
2.960594795539031
3.3141489361702097
4.116377171215871
4.270281765018603
4.9766942148760345
4.85645992535988
5.324475030880551
6.134574676597416
8.615769230769247
9.511636363636375
10.713774597495513
12.674250000000006
14.241095890410964
13.164705882352942
10.941935483870965
5.15
3.1333333333333333
2.9749999999999996
2.8666666666666667
2.858333333333333
2.935
3.2560000000000002
3.2180555555555554
2.972916666666666
3.0360742705570276
4.0856468737711245
5.193127672571787
5.0561486287230935
5.175724962630796
5.324514672686247
5.105770804911341
5.457703763877616
7.314020202020212
10.017961842717545
11.26330409356725
12.403884892086324
14.431060606060607
13.967669172932332
6.719354838709678
5.372222222222223
3.7545454545454544
3.85
3.4400000000000004
3.0857142857142854
3.0300000000000002
2.9875
3.0820754716981136
3.0934640522875823
3.2095059880239503
4.1165857836140365
4.645959428001332
4.682642725598532
4.874692653673171
5.414452490025133
5.310239471511156
5.527365141826538
6.8702561875814085
11.2947508896797
11.243045112781957
10.731868131868131
10.462179487179489
14.877777777777775
9.014285714285716
6.960000000000001
4.066666666666666
3.2
2.725
2.8000000000000003
3.233333333333333
3.4454545454545458
3.026315789473684
3.189542483660132
3.814586709886544
3.7840437158469955
4.517100018978931
4.922297844757752
5.045972463997475
4.9702253855278915
5.103695556533219
5.366435385949703
6.38087344596748
9.453385518591006
9.496279069767445
11.417681498829026
14.091666666666674
15.141463414634147
11.1625
7.7
5.4
3.3
1.5
2.1
2.0999999999999996
2.8166666666666664
2.875
2.8760869565217386
2.913966480446927
3.174592074592074
4.3990174672489095
5.137928188196461
5.250617870722443
5.307330436425484
5.715453927235645
6.04040099361248
6.8391816766733395
7.862121666167218
8.58104166666668
14.260173160173157
14.982857142857142
15.656666666666666
7.58
6.199999999999999
4.9
2.8
4.8
3.0
3.9
3.1666666666666665
3.161224489795918
3.0519230769230767
3.432886597938148
4.634432880578599
4.901140446805193
4.751773913043494
4.763440675047362
4.974575944487295
5.223537037037053
6.989959723820494
6.7877712854757934
7.440549019607838
10.996963123644253
11.283116883116877
10.237878787878788
13.719999999999999
7.366666666666667
5.6
1.7
3.4
3.25
3.1999999999999997
3.338461538461538
3.0700000000000003
2.9800000000000004
2.8946236559139797
3.8944531658817394
4.642410096818823
5.044725135049262
5.553156039730862
5.422547534915038
5.888531542675389
5.155987460815052
5.595157943278773
7.2795839210155115
9.565765212046717
10.15180327868852
17.517647058823535
18.314285714285713