2.897466449
1
0
0
0
2
3
1.796493068
3.076462223
2
4
5
4
3.99843983
1
2
2
0
0
2
2
2
2
0
2
5
5
4
4
7.221993431
4
4
6.182649277
6.182649277
4.427354833
5.090544554
3.076462223
2.897466449
5
5
3.989571172
4.427354833
6.182649277
4.427354833
4.705127112
4.655514231
4.427354833
3.243075042
3.966366029
4.856269835
5.610216631
4.856269835
4
6
4
5
5
6
4.856269835
3.076462223
5
3
4
4
3.076462223
6.182649277
5
4.856269835
5.090544554
5.012452981
4.427354833
3.966366029
2.058070896
4.427354833
3.537451027
3.290976149
4.856269835
2.436477645
3.076462223
1.796493068