0.599499072
0.599499072
0.920201691
0.203934254
0.599499072
0.920201691
2.1105646
0.903628991
0.871552965
0.920201691
0.995063891
2.1105646
0.599499072
0.203934254
1.342089583
0.995063891
0.995063891
0.599499072
2
0.599499072
0.920201691
2.025606314
3.540506907
0.995063891
2.1105646
1.342089583
1.552814246
1
1.552814246
2.1105646
0.920201691
1.552814246
0.995063891
0.203934254
0.995063891
0.599499072
1.570188299
1.157249427
0.203934254
0.599499072
0.599499072
1.390062865
1.390062865
1.103187582
0.995063891
0
1.552814246
0.599499072
0.203934254
0.995063891
0.995063891
1.552814246
0.599499072
0.995063891
0.599499072
0.203934254
0.871552965
0.599499072
0.203934254
0.203934254
1.397356469
0.203934254
0.203934254
1.397356469
0.203934254
0.920201691
0.920201691
1.462095394
0.920201691
1.385663541
0.599499072
0.203934254
0.871552965
0.599499072
1
2.493742865
0.599499072
0.995063891
0.920201691
1