2.623125232
2.623125232
2.623125232
2.623125232
2.623125232
2.623125232
2.623125232
2.623125232
2.623125232
2.623125232
2.623125232
2.623125232
2.623125232
2.595378417
2.201812844
2.147982835
2.147982835
2.147982835
2.262307988
2.595378417
2.623125232
2.623125232
2.623125232
2.623125232
2.623125232
2.623125232
2.623125232
2.623125232
2.623125232
2.576917942
1.537244131
2.15855301
1.537244131
1.537244131
2.150955763
2.150955763
2.623125232
2.623125232
2.595378417
2.201812844
2.147982835
1.068770655
1.559587222
1.917601797
1.068770655
1.917601797
2.054266685
0.57602264
1.068770655
1.559587222
2.147982835
2.147982835
1.559587222
2.147982835
2.147982835
2.147982835
2.201812844
1.559587222
1.068770655
2.147982835
2.681596247
1.559587222
1.559587222
2.201812844
1.559587222
1.559587222
1.559587222
1.068770655
2.147982835
1.917601797
1.068770655
1.559587222
1.068770655
2.32049737
2.595378417
2.595378417
2.623125232
2.623125232
2.595378417
2.201812844