1.115189752
2
2.888459909
2.117909172
2.117909172
2.029011451
2.553967769
1.587157504
2.503184541
4
6.963336385
5.156104
6
5.044799693
4.406452707
2.947472174
2.947472174
4.925898147
6.059720192
5.156104
5.254218705
5.044799693
4.233806075
4.233806075
5.460478809
4.772913684
4.772913684
4.772913684
5.383131536
5.821699346
3.876106506
5.156104
4.516105253
3.973556805
4.5759676
2.960825196
2.960825196
3.030753868
2.553967769
2.553967769
3.187783471
1.153390035
2.757211697
2.503184541
0.227071182
2.503184541
2.029011451
0.227071182
1.172490177
3
2.117909172
1.557765546
2.997007839
2.888459909
3.030753868
2.56347342
4.200383194
0
3
4
5
3.876106506
5
2.117909172
2.960825196
2.960825196
3.973556805
4.58617786
1.744480088
1.587157504
2.947472174
5.156104
2.888459909
0
3
3
3.876106506
2
2.259957491
1.587157504