1.852485793
1.375085324
0.174981834
0.550268789
1.387216933
2.706342082
4.584577576
3.35498793
2.318982536
4.870103042
7.480844609
4.870103042
4.870103042
3
3.441619896
4.234283446
3.273584781
2.9363909
1.51279722
6
6
4.870103042
6
3
3
4
3.858521397
5.669683003
3.678996773
3.858521397
6.366527413
5.906814391
3
0.174981834
0.174981834
3
4.870103042
1.05045737
2.475325651
4.072504327
3.917218026
2.246038633
1.852485793
1.852485793
2.318982536
1.852485793
2.318982536
3.013385132
1.852485793
2.104210703
1.852485793
2.318982536
1.832512864
1.844262118
1.708544379
1.662452181
1.818688551
2.873120623
4.073418379
3.360897443
2.318982536
1.852485793
1.852485793
2.957670378
2.868199757
4.073418379
4.288968827
5.388458717
1.925932906
4
4
3.024718396
1.925932906
0.550268789
0.925555744
1.375085324
2.626403917
1.05045737
2.791997452
3.441619896