0.527272433
1.032707111
2.704599939
2.489717723
2.18309922
1.032707111
1.522970408
1.032707111
1.783950787
1.032707111
2.043576468
2.025912689
2.025912689
2.025912689
1.522970408
2.043576468
1.522970408
2.978960068
2.025912689
1.032707111
2.518668383
1.522970408
2.978960068
2.025912689
3.025006194
2.489717723
2.025912689
3.262304365
2.489717723
4.039692196
1.522970408
2.025912689
1.032707111
2.489717723
2.978960068
2.489717723
1.522970408
2.978960068
2.530223504
2.518668383
2.083983612
2.489717723
3.036547779
2.541724753
2.489717723
1.736009773
4.039692196
3.706626272
1.543668676
1.03920494
0.170692553
1.582226426
2.043576468
3.13920999
1.032707111
0.170692553
0.527272433
0
1.46371439
1.973729693
1.973729693
2.043576468
2.993760298
1.032707111
1.10713451
2.043576468
0.883852312
2.489717723
3.025006194
1.973729693
2.043576468
0.170692553
1.938806305
2.025912689
1.522970408
0.170692553
1.522970408
1.948343218
1.522970408
2.025912689