2.854874814
2.854874814
2.870323637
3.06698913
2.510267445
2.790286432
2.790286432
3.001970886
2.979715347
3.06698913
2.934294341
2.790286432
2.790286432
2.979715347
3.06698913
2.934294341
2.790286432
2.934294341
2.437367112
2.88761819
2.790286432
2.790286432
2.790286432
2.790286432
1.747692872
0.987964964
2.437367112
3.001970886
2.979715347
3.06698913
2.88761819
2.790286432
1.747692872
0.987964964
2.437367112
2.790286432
2.437367112
2.510267445
1.747692872
2.127437263
2.437367112
1.747692872
2.127437263
2.112404826
1.747692872
2.358057583
2.934294341
2.358057583
2.35133909
3.06698913
0.987964964
1.747692872
0.987964964
2.790286432
2.127437263
1.747692872
2.790286432
2.790286432
2.358057583
2.934294341
2.790286432
2.934294341
2.437367112
2.88761819
1.747692872
1.747692872
2.437367112
2.002699318
2.437367112
2.790286432
2.790286432
2.89620046
2.854874814
2.854874814
2.870323637
3.06698913
2.510267445
1.747692872
2.51674201
1.747692872