1.544403897
2.212957153
3.322309082
2.191865681
2.212957153
1.544403897
2.649099052
2.022187031
1.05706049
2.014587912
1.016496916
1.05706049
2.212957153
2.212957153
2.191865681
2.212957153
2.787197559
2.200945484
1.544403897
2.729992575
2.035476676
1.563422427
1.961039181
3.006434117
1.082397204
1.544403897
1.522512932
2.119758522
2.020914738
1.544403897
2.212957153
1.544403897
2.212957153
2.212957153
2.838338383
2.202452841
2.202452841
2.205963435
1.544403897
2.212957153
1.544403897
2.170438867
2.212957153
1.544403897
1.544403897
2.212957153
2.184761063
2.839456623
2.212957153
2.212957153
2.212957153
2.20362406
2.202452841
2.194899094
2.191865681
2.191865681
2.212957153
2.205963435
1.544403897
2.212957153
2.440596513
2.212957153
2.191865681
2.155018504
2.08357654
2.126883139
2.745278599
2.745278599
2.212957153
2.212957153
2.212957153
2.191865681
2.212957153
2.194899094
2.2045603
2.212957153
2.205325828
2.838338383
2.202452841
2.212957153