3.5
5.2
2.8
3.5
6.2
21.5
32.5
27.8
24.1
23.1
19.7
17.5
13.8
19
20.9
21
19.4
15.2
8.3
4.2
5.3
3.6
4.3
3.8
4.6
5.8
5.4
6
11.4
19
18.6
13
7.8
14
22.9
21.7
17.6
15
11.8
13.7
19.6
17.9
11.3
5
5.5
6.2
2.8
5.2
6.7
3.3
2.8
5.8
6.3
11.6
11
12.5
10.8
14.5
18.3
16.4
8.1
5.1
5.4
3.9
8.2
6.1
4.8
3.9
4.5
3.1
4.9
4.1
4.4
3.4
2.8
5.4
9.3
7.6
8.3
12.9
12.3
9.8
11.7
8.5
11
6.9
10.7
11.3
5.4
4
5.8
5.4
3
3.7
2
2.2
2.7
3
2.4
5.8
8.9
6.9
9
7.7
8.5
8.7
8.9
8.3
12.9
13.1
6.1
3.8
4.6
6.3
2.9
4.6
2.8
3.5
3.1
5
2.7
1.4
3.9
5.1
6.9
9
8.5
8.8
8.1
7.2
5.9
6.5
10.7
13.9
7.9
4.9
4.5
6.5
3.4
4
4.5
2.5
5.1
5.3
3.9
6.8
7.4
4.8
7
6.8
6.4
6.8
10.2
7.9
10.5
15
13.6
12.3
7.3
7.9
7.9
5.8
7.9
2.7
3.4
3
2.8
3.6
7.6
3.5
2.2
4.9
9.1
9.8
9.1
12
13.7
15.1
13.6
13.7
12.1
9.4
8
9.4
9.2
5.6
6.2
3.6
2.9
2.6
3.5
6.4
4.8
2.4
2.1
5.7
6
9.3
15.1
18
19.7
25.4
27.8
23.7
16.9
13.9
9.7
17.2
12.6
5.8
4.6
5.9
4.9
3.8
6.3
6.3
5.1
4.2
3.7
4.5
7.9
9.9
8.9
9.7
10.5
9.3
9.8
14.4
13.3
9.3
5.9
9.6
9.3
8.3
5.3
4.2
6.4
3
1.9
2.7
