-1
-1
-1
-1
-1
-1
-1
-1
-1
-1
-1
-1
-1
-1
-1
-1
-1
-1
-1
-1
-1
-1
-1
-1
-1
-1
-1
-1
-1
-1
-1
-1
-1
-1
-1
-1
-1
-1
-1
-1
-1
-1
-1
-1
-1
-1
-1
-1
-1
-1
-1
-1
-1
-1
-1
-1
-1
-1
-1
-1
8.3
-1
-1
-1
-1
-1
5.6
-1
-1
-1
-1
-1
20.9
20.1
-1
-1
-1
8.5
8.9
9.6
7.5
5.5
7.5
7.6
6.4
6.1
7.9
7.9
8.4
8.5
7.2
8.9
9.2
7.1
14
13.1
14.1
15.4
12.6
8.3
9
8.7
6.2
4.7
8.6
9.3
7.2
8.5
6.8
7.6
7.4
6.4
7
7.3
5.7
6.8
5
4.4
5
6.9
9.3
11.7
4.8
4.7
5
6.1
6.1
5.7
6.8
6.7
6.9
7.4
8.5
7
7.1
7.4
6.6
5.8
5.9
7.3
8.5
6.3
6.5
5.2
9.6
11.5
10.4
6.9
5.4
4.9
5
3.6
5.7
7.1
6.3
5.9
6.4
5.9
6
5.7
4.7
5.2
4.3
6.9
7.2
7.8
11.4
18.9
18.2
17.5
12.7
8.5
8.6
6.7
6.1
5.7
7.9
6.6
9.5
7.3
6.3
7.2
10.2
8
7.9
6.9
6.1
5
7
5.9
17.4
23.1
17.6
6
8.2
5.9
5.5
6
4.9
7.5
6
7.6
8.6
8.1
6.9
6.1
6.3
5.9
6.4
6.4
5.2
6.4
5.2
5.3
10.2
11.2
18.3
8.2
7.2
5.9
7
9.8
8.3
9.1
8.3
6.8
8.2
7.3
6.9
7.759721956
7.6
7.6
7.8
8.4
7.3
8.949864387
5.9
14.1
16.2
18.7
