7.1
9
10.4
13.9
12.9
9
-1
21
13.7
12.3
11.7
9.4
9.2
7.1
6
-1
3.2
3.5
5.4
4.2
3.1
2.2
3.6
6.4
9.4
7.9
8.7
10.2
9.4
7.5
4.5
5.4
6.4
4.9
8.2
8
8.7
20.6
14.6
-1
-1
-1
-1
-1
-1
-1
-1
-1
-1
-1
-1
-1
-1
-1
-1
-1
-1
-1
-1
-1
-1
-1
-1
-1
-1
-1
-1
-1
-1
-1
-1
-1
-1
-1
-1
-1
-1
-1
-1
-1
-1
-1
-1
-1
-1
-1
-1
-1
-1
-1
-1
-1
-1
-1
-1
-1
-1
-1
-1
-1
-1
-1
-1
-1
-1
-1
-1
-1
-1
-1
-1
-1
-1
-1
-1
-1
2.7
2
5
9.2
13
-1
6.6
5.9
7.1
20.9
16.1
16
10.9
11.1
-1
10.8
7.4
4.7
9.6
15
7.4
-1
-1
-1
-1
-1
-1
-1
-1
25.2
19.9
-1
-1
-1
-1
-1
-1
-1
9.1
13.6
-1
-1
-1
-1
-1
-1
-1
-1
-1
-1
-1
-1
-1
-1
-1
-1
-1
-1
-1
-1
-1
-1
-1
-1
-1
-1
-1
-1
-1
-1
-1
-1
-1
-1
-1
-1
-1
-1
-1
-1
-1
-1
-1
-1
-1
-1
-1
-1
-1
-1
-1
-1
-1
-1
-1
-1
-1
-1
-1
-1
-1
-1
-1
-1
-1
-1
-1
-1
-1
-1
-1
-1
-1
-1
-1
-1
-1
-1
-1
-1
-1
-1
-1
-1
