-1
-1
-1
-1
-1
-1
-1
-1
-1
-1
-1
-1
-1
-1
-1
-1
-1
-1
-1
-1
-1
-1
-1
-1
-1
-1
-1
-1
-1
-1
-1
-1
-1
-1
-1
-1
-1
-1
-1
-1
-1
-1
-1
-1
-1
-1
-1
-1
-1
-1
-1
-1
-1
-1
-1
-1
-1
-1
-1
-1
-1
-1
-1
-1
-1
-1
-1
-1
-1
-1
-1
16.4
-1
-1
-1
-1
-1
-1
-1
-1
-1
2.4
-1
-1
-1
-1
-1
-1
4.45912
3.8
-1
4.45912
4.5
-1
-1
6.7
8.2
-1
10.7542
9.6
-1
8.7
5.7
-1
-1
1.6
1.9
-1
2.90491
2.9
2
2
2
-1
-1
3.9
12.7
-1
15.8
15.2
14.9
12.7
11.8
10.5
11.5
6.1
4.3
-1
3.5
4.2
1.8
2.6
3.4
1.6
2.4
1.9
3.4
3.8
5.7
6
5.2
4.7
5.7
3.8
4
4.8
3.7
5.7
3.3
5.1287
3.7
4.1
3.6
2.6
2.3
3.4
3.9
3.72932
2.1
5.1287
1.91885
5.2
5.5
4.6
3.1
14.8
10.7542
17.2
16
12.9
9.2
10.2
5.7
4.6
5.75894
6.6
3.72932
2.2
4.5
3.4
3.4
2.2
2.6
1.91885
5.1287
3.1
4.3
4.45912
7.3
14.9
15.1
16.1
14.8
17.3737
12.9
8.8
10.2
6.8
3.5
1.9
3
4.1
2.5
1.8
1.7
1.4
1.5
1.20159
1.6
2.6
3.5
4.1
6.36419
5.75894
9.7
11.3
14.1
11.3
10.7
9.6
4.5
5.93087
1.91885
2.90491
5.3
2.7
2.5
2.6
2.2
1.8
1.9
2.90491
2.90491
2.1
4
4
3.9
6.6
6.2
7.9
