-1
-1
-1
-1
-1
-1
-1
-1
-1
-1
-1
-1
-1
-1
-1
-1
-1
-1
-1
-1
-1
-1
-1
-1
-1
-1
-1
-1
-1
-1
-1
-1
-1
-1
-1
-1
-1
-1
-1
-1
-1
-1
-1
-1
-1
-1
-1
-1
-1
-1
3.77965
2.96472
2.4709
3.36356
4.34455
4.61822
3.70335
3.7234
4.24028
5.06448
5.06448
5.06448
5.06448
5.06448
3.38258
5.0088
5.6
5.4
7
7.8
8.2
11
7.1
3.6
3.2
2.96472
3.56007
4.15179
4.62961
4.10086
4.63367
4.63367
8.55588
5.21848
5.94107
6.89676
2.96472
6.90051
3.62571
5.24415
4.85955
5.94148
9.91588
6
6.2
7.3
5.4
2.9
7.24347
5.3024
2.96472
2.96472
5.3024
4.5
3.6
4.20319
3.68607
4.17205
5.03159
2.9125
4.53178
5.14271
7.43212
8.49925
5.3024
2.96472
8.4
6.9
6.2
9.14447
6.1
4.59458
1.5
2.3
2.4
3
10.1992
4.291
7.53797
13.5156
1.94629
2.44396
2.34242
3.94776
3.16016
3.29401
4.20319
5.7563
9.81597
12.1
12
10.5
8.6
6
5.6
9.6
5
2.9
4.5
5.6
11.2
13.8
14.3
9.3
8.2
5.3
2.8
3.82649
4.46771
3.75376
3.28621
5.4
6.61398
4.7
5.9
6.5
9.4
9.8
8.49925
7.7
3.2
1.5
4.1
4.4
2.96472
1.94629
4.9
4.1
4.95219
2.9125
4.03029
4.97638
4.28014
6.07622
3.42382
3.79908
4.19558
1.94629
5.3024
6.8
6.61398
3.82649
7.86883
6
4.3
2.8
5.7
5.6
5.7
5.3024
3.1
1.94629
4.4
2.96472
5.9707
1.5
2.96472
4.4
4.59458
3.79526
4.17205
4.51608
6.71967
8.00155
5.9707
8.6
6.4
2.3
2.6
3.9
4.3
5.08927
2.96472
6.84235
4.0979
7.71671
4.26147
7.33374
3.7269
3.4246
2.90717
4.13787
4.37495
4.61793
3.94531
5.89971
2.96472
5.5
5.9707
4.21724
