-1
-1
-1
-1
-1
-1
-1
-1
-1
-1
-1
-1
-1
-1
-1
-1
-1
-1
-1
-1
-1
-1
-1
-1
-1
-1
-1
-1
-1
-1
-1
-1
-1
-1
-1
-1
-1
-1
-1
-1
-1
-1
-1
-1
-1
-1
-1
-1
-1
-1
15.2
7.3
9.3
12.2
10.8
7.1
6.5
7.9
7.9
6.8
5.2
5.1
4.3
6.51619
5.09145
9.35706
4.98813
6.51619
5.10166
7.6
8.26273
5.2
5.1
8.6
8.3
5.5
5.4
6.2
7.7
9.2
9.3
11
13.9
11.3
4.9
8
13
12.7
11.8
4
6.4
9.3
6.5
7.1
7.9
7.8
5.8
6.7
8.3
7.1
4.3
6.2
6.5
9.1
6.5
7.7
9
4.9
10.6
8.2
6.1
4
3
9.91256
4.11835
7.46432
7.87811
5.6
7.9
8.9
10
10.3
8.7
8.5
8.8
6.4
4.4
14.5132
6.5
6.51619
5
4.2046
4.2046
9.91256
5.9
3.7
2.8
11.0933
8.5
9.5
10.2
10.1
9.4
6.7
6.5
2.06204
7.70543
6.6
6.4
9.91256
9.4
10.6
11.7
6.4
4.6
3.6
4.7
7.6
4.9
5.5
2.98988
6.7
9.8
9.7
7.2
6
13.4
12.2
13
13.8
11.1
8.5
8
7.6
14.9
14.8
8.1
7.1
8.9
5.8
4.4
12.9
14.9
14.4
5.6
7
7.8
5
8.26273
7.8
7.4
6.8
7.1
10.487
17.5
14.4
16.5
12.4863
9.91256
14.2
5.03882
7.1
6.7
7.4
7.8
9
8.8
2.98988
5
6.8
4
8.8
7.9
6.6
5.9
11.0933
5.85142
5.3
10.7
8.3
9.3
11.8
12.4
9.5
10.7
5.8
4.6
5.8
6.5
8.9
6.5
5.1
7.9
4.9
4.5
5
5.5
11.0933
7.3
7.1
