-1
-1
-1
-1
-1
-1
-1
-1
-1
-1
-1
-1
-1
-1
-1
-1
-1
-1
-1
-1
-1
-1
-1
-1
-1
-1
-1
-1
-1
-1
-1
-1
-1
-1
-1
-1
-1
-1
-1
-1
-1
-1
-1
-1
-1
-1
-1
-1
-1
-1
-1
-1
-1
-1
-1
-1
-1
1.8
1.9
2.1
3.1
2.3
3
3
3
2.7
5.4
10.7
20
17.9
18.5
17.5
17.6
13
8.6
4.8
6.4
4.8
4.8
3.1
2.4
2
2.5
2.5
2.6
2.3
3.6
2.9
2
2.9
4.9
7
6.2
8.7
12.6
14.5
15.2
13.2
8.1
2.8
3.8
3.7
2.3
3.3
4.3
3.2
2.2
2.7
2.4
3.6
2.6
3.1
3
2.8
4.3
6.7
8
9.6
11.6
14.8
15.5
9.8
6.8
3.5
4.7
5
2.6
3
2.9
3
2.8
2.8
1.8
2.6
2.4
2.4
3.2
1.7
3.7
6
10.2
9.9
9.5
8.5
16.5
11.3
8.1
5.3
3.4
2.4
3.6
3.6
2.3
3.6
4.7
3.2
2.6
2.8
3
3.3
2.4
3.2
3.7
5.9
7.7
5.8
9.9
14.7
16.6
11
10.8
8.1
3.3
1.5
2.1
2.7
2.6
2.1
2.7
2.1
3.2
2.2
2.5
2.2
2.8
4.1
4
5.3
5.4
5.9
14.5
15.2
17.6
10.6
5.4
3.5
2.8
4.8
3
3.6
2.9
3.3
1.8
2.5
2.7
2.5
1.9
2
1.8
3
6.4
3.7
5.2
9.7
11.5
10
16.5
8.8
5.1
3.7
3.3
2.9
3
4
2.7
1.9
1.8
2.3
2.4
2.8
3.7
3
4.5
2.5
4
5.6
7.5
7.9
20.4
18.9