0.32193494
0.15258548
0.16185708
0.14095628
0.00027477
0.3405031
0.33689543
0.37566408
0.11200753
0.39838057
0.08062002
0.36156745
0.19620727
0.32272041
0.25649455
0.17450615
0.16368066
0.16286813
0.23919664
0.16378163
0.16989262
0.1395775
0.04449107
0.07973086
0.14263962
0.45971368
0.23012204
0.05516363
0.22132144
0.20924657
0.21375836
0.15771125
0.21029562
0.37588408
0.13077991
0.31825324
-0.01764554
0.16876611
0.45153672
-0.00699228
0.37980955
0.11623025
0.38926594
0.37853433
0.30447251
0.33365984
0.19302101
0.23643971
0.19601595
0.32419014
0.33795889
0.11172638
0.03866232
0.45251989
0.25705316
0.12800599
0.20583736
0.49564474
0.31889483
0.47909112
0.39223148
-0.00645592
0.15478888
0.025455
0.29549539
0.12655389
0.42641563
0.03162136
0.10808596
0.10201138
0.2841618
0.02507156
0.02609518
0.02461801
-0.07525959
0.2428487
0.15087944
0.11763127
0.38246513
0.14374342