0.6849101
0.40663281
0.42101053
0.23070107
0.38762391
0.42861428
-0.09872896
0.16412597
0.17443623
0.05491268
0.15832132
0.26367701
-0.06075124
0.07199159
-0.25569433
0.101889
0.24239761
0.15662979
0.31339153
-0.00097465
0.06798505
0.20575626
0.3701494
0.23520095
0.04380531
0.02011366
0.53408784
0.52408012
0.04716709
0.04962058
0.13953707
0.17071463
0.39046912
0.05583007
0.58032445
0.38244635
0.02468041
0.11930097
0.07071314
0.23435255
-0.16469007
0.44307963
-0.02627468
0.42086392
-0.06839614
0.10332755
0.31196788
-0.02809225
-0.0788333
-0.08032181
0.3362321
0.15664395
0.17575987
-0.19230778
0.01995937
0.4326385
0.38667403
0.18841621
0.03516021
0.37032779
0.68155187
-0.00976362
0.00579536
0.05350499
-0.27324798
0.18271894
0.27023743
0.25209452
0.62477084
0.19646975
0.1031879
0.19088032
0.29143956
0.17583657
-0.0533308
0.23964041
0.02788507
0.11864718
0.21031732
0.34706294