0.06126595
0.01562253
0.09946597
0.41791532
0.16682028
0.09298271
0.1338351
0.18272306
0.26251899
0.26036576
0.30081798
0.18522469
0.12150826
-0.10132549
0.25368957
0.24137501
0.0760751
0.09162838
0.05316156
-0.17250787
0.07708108
0.07343536
0.07881197
0.00239921
0.19841033
0.22580406
0.20734022
-0.10348743
-0.00027548
0.33640271
0.42217845
0.43572278
0.22661643
-0.02824773
0.15993131
0.13592627
0.16480894
0.13007098
0.28296983
0.35208157
0.42980013
0.24571716
0.19872502
0.21450619
0.37828583
0.13590603
0.09738352
0.22771777
0.18840199
0.12039868
0.12730245
0.15118672
0.09185817
0.21590711
0.1025164
0.24114831
0.36826685
0.38144413
-0.02102295
0.16673735
0.09625103
0.37031361
0.30654378
0.23126261
0.21713403
0.07998502
0.06100282
0.23823428
0.31983443
0.19658835
0.25824886
0.15132575
0.17775396
0.2125725
0.01130953
0.1981989
0.18576596
0.18297955
0.103634
0.34564484