-0.13160888
0.42510633
-0.13544512
-0.96754129
0.29718478
0.29716456
-0.12499399
0.31242383
0.81703671
-0.11643744
0.06182412
0.56659097
0.95186725
0.12333639
0.1109946
0.31461752
-0.30835411
-0.271097
0.50538818
-0.02974509
0.95968514
-0.26844918
0.46404379
0.08277199
0.22331507
0.15603616
0.64358117
0.18419982
0.50593093
0.47758326
-0.05264104
0.13013613
0.33468142
-0.22041491
-0.03336947
0.1114072
0.1918864
-0.16916935
0.01818137
0.33859195
0.24018429
0.23828512
0.11740744
0.07127215
0.06733954
0.54157457
0.1527419
0.52188516
0.22452093
0.04867575
0.33894293
0.51237529
0.44558869
0.36515078
0.42876224
0.32790525
0.46904042
0.27108853
0.4425371
0.49516791
0.36299514
0.03376316
0.3601586
0.01960561
0.13176518
0.12596701
-0.00459982
-0.07537295
0.22449811
0.30075066
0.34828928
0.00305141
0.36060134
0.12214114
0.05685504
-0.01345252
0.2120696
-0.1838354
0.26781665
0.31658408