0.10232175
0.08991421
0.08030852
0.15186498
0.19630381
0.23091223
0.26544776
0.25970029
0.1042216
0.37730467
0.27907708
0.14789114
0.14535811
0.13955931
0.07883292
0.12309739
0.31784584
0.13285693
0.13467709
0.25160152
0.22132424
0.26729666
0.03724953
0.25509071
0.21992151
0.04842795
0.14199116
0.19029687
0.17467723
0.19858756
0.0965231
0.00430967
0.05428139
0.15918147
0.01611909
0.3474912
0.175306
0.14715609
0.2148933
0.05969456
0.14576613
0.09334974
-0.01879624
0.22023408
0.20666596
0.19022197
0.14291398
-0.03399061
0.05495689
0.3315167
0.22791764
0.06332848
0.2761712
0.18767486
0.1329216
0.05026821
-0.00514918
0.32849688
0.10240573
0.29131362
0.16298845
0.11342314
0.21521473
0.17555026
0.1921497
0.20963156
0.1904382
0.28258609
0.02800067
0.26227835
0.05809441
0.31382463
0.14130934
0.21891466
0.21956117
0.04105964
0.1713398
0.21383154
0.08987955
0.28853776