0.5108642
0.23457635
0.23457635
0.23457635
0.23457635
0.23457635
0.23457635
0.06244784
1
0.23457635
1
0.06244784
0.06244784
0.23457635
0.23457635
0.23457635
0.23457635
0.23457635
0.23457635
0.23457635
0.23457833
0.5108642
-1
0.5108642
0.5108642
0.23457635
0.23457635
1
0.5108642
0.08532965
0.5108642
0.5108642
0.5108642
0.5108642
0.5108642
0.5108642
0.5108642
0.5108642
0.5108642
0.5108642
0.23457635
0.5108642
0.23457635
0.23457635
0.23457635
0.23457635
0.23457635
0.23457635
0.23457635
0.23457635
0.23457635
0.06244784
0.23457635
0.23215298
0.23457635
0.23457635
0.23457635
0.23457635
0.23457635
0.23457635
0.23457635
0.23457635
0.23457635
0.23457635
0.23457635
0.23457635
0.23457635
0.23457635
0.23457635
0.23457635
0.23457635
0.23457635
0.23457635
0.23457635
0.23457635
-0.9999993
0.23450461
0.23457635
0.23457635
0.23457635