-0.0141337
0.229628
0.29865026
0.53633998
0.12122273
-0.05739431
0.09168402
0.22216757
0.16435099
0.33686067
0.12390755
0.59782094
0.14114718
0.01997807
0.42492061
0.20035193
0.13711333
0.31456837
0.28518663
0.39159802
0.27367898
0.32442838
0.35489854
0.1103382
0.34550792
0.12520453
0.22945245
0.36425584
0.36252757
0.57619731
0.4529218
-0.00027268
0.1709008
0.34342774
0.49092783
0.21956868
-0.04238486
0.27480267
0.04540041
0.17219059
0.30504698
0.36157546
0.24232842
-0.0028045
0.55424787
0.70835848
0.09159508
0.50350308
0.46724401
0.24947669
0.3286005
0.2216347
-0.08814207
0.13781245
-0.18815519
-0.16776572
0.14343585
0.70085731
0.26819454
0.36943008
0.54436944
0.55195676
0.58784553
0.32814136
0.4751503
0.38165473
0.39584245
0.29718645
0.2266413
0.41012665
0.22767073
0.03854568
-0.02942319
0.56754291
0.14082525
0.46099966
0.11394678
0.28730793
0.25724431
0.12052494