-0.04611728
0.18557738
0.30685718
0.28624196
0.17539955
-0.08965778
0.0810227
0.05895579
-0.0177687
0.0478318
0.06864171
0.55066296
0.46045594
0.07640299
0.19139899
0.09536076
0.20947236
0.0450963
0.15948603
0.17518451
0.31853479
0.18425744
0.20278165
0.35757633
-0.03148873
0.13344489
0.15178565
0.13887896
0.09073337
0.03819562
0.37126763
0.27636775
0.36249412
0.1405853
0.2540894
0.18641037
0.06523314
0.20170624
0.19141693
0.29005131
-0.06075452
0.10744196
0.08730395
0.25480042
0.26030825
0.38878795
0.40225886
0.15621666
0.17154984
0.26422059
0.55574264
0.17014144
0.03121452
0.02277283
0.53460945
0.32308596
0.30506756
0.20262552
0.4533003
0.19462409
0.16051664
0.22494762
0.06961465
0.25248235
0.24971786
0.2401094
0.25111042
0.13915907
0.19682677
0.04634315
0.18534483
0.29893367
-0.03082646
0.28463556
-0.02380632
0.12584622
-0.06717566
-0.06669708
0.24031253
-0.3093597