0.0509499
-0.09354401
0.34904746
0.19621385
0.04591952
0.19618407
0.06310004
0.06315853
0.06315853
0.06315853
0.06315853
0.39315704
0.31866196
0.34029061
0.06303802
0.19674867
0.37124656
0.36273129
0.19067125
0.21605026
0.51458973
0.27776492
0.07300595
0.22662451
0.05084112
0.06807465
0.0652624
0.06478897
0.28224748
0.20216418
0.33030498
0.07604276
0.24138007
0.18437659
0.04547304
0.18560875
0.20849996
-0.1130476
0.38564341
-0.09335342
0.17353608
-0.07860673
0.48372141
0.03677578
0.08930486
0.03958178
0.0461318
0.19925298
-0.03860976
0.14908153
0.18429637
0.18591112
0.19747458
0.05706617
0.19630922
0.19629387
0.19717765
0.06388506
-0.11595964
0.07438298
0.04528887
0.10412625
0.2031824
0.06361225
0.06328974
-0.09009938
0.04992349
0.04534567
0.19637609
0.06312834
0.06317349
-0.07551965
0.19556424
0.19632361
0.19627261
0.19578575
0.06310004
0.06315853
0.06315853
0.06315853