0.486964
0.16588027
-0.52231273
-0.12450026
0.43544528
0.47985823
0.03604526
0.24392167
0.51151319
0.55961905
0.59307419
0.14695721
0.82233314
-0.01217087
0.64558075
0.3865339
0.30580024
0.58545051
0.95276175
0.23807915
0.45672482
0.50356274
0.26788833
0.604347
0.6787424
0.41900516
0.46410369
0.6780106
0.5821539
0.12049886
0.9053693
0.56742457
0.28418629
-0.1692234
0.38518787
0.12019118
0.47016125
-0.10564213
-0.210222
-0.67139825
0.60005443
0.21412158
0.07757457
0.3574742
0.78772581
0.31381228
0.30954179
0.59174815
-0.53091383
0.50655946
0.20251668
0.4281618
-0.27912581
0.16401436
0.0722825
0.56800028
0.46033926
-0.38464431
0.730288
0.07822568
-0.06626917
0.04934542
0.63317983
0.29786111
0.21904082
-0.21192416
0.09019016
0.25894794
-0.04480275
0.51784745
0.0328354
0.02993704
0.30295578
0.24718056
0.17483562
0.25296261
0.33383179
0.46133544
0.1224518
-0.04083879