4.110212299
4.5980752
6.264339182
3.574257913
3.838551622
6.207588213
25.32953393
32.35807049
27.24052257
17.21982049
18.63097179
13.84978841
13.21890657
11.18873246
12.63916307
22.08625954
17.80737662
12.63075767
11.0679466
8.729006407
4.383798999
5.334657863
5.713927961
7.183870083
4.876226758
4.586143685
6.206860473
5.384260186
4.580494059
10.60931614
29.30576441
21.38210423
11.79944192
7.803013237
11.89417719
22.83544984
16.46978397
11.95942219
11.13689436
9.55027437
11.63927848
15.95262424
11.75819555
9.486912785
5.092790053
5.133712677
7.596695526
5.753672517
4.563068418
4.849229781
4.368819373
4.507405949
5.085362129
5.779954816
11.20551123
11.80239424
9.52897087
11.01816451
15.30890058
15.99759982
12.14743195
8.064669977
5.512391875
5.234547585
6.09533494
7.713500906
5.750316827
4.274287502
4.535791541
3.989365785
4.040716239
5.44748151
3.78242172
3.760384882
4.599402237
4.242487441
7.661765745
10.42463501
8.726303817
9.16207484
13.52803932
11.90293743
11.02341793
12.10074494
6.731543286
9.273716376
6.968913414
7.939270734
9.592273365
5.715450928
4.625444133
5.033151138
5.233938336
4.920363878
3.60379576
3.468096819
3.662122566
3.924819601
3.222507583
3.519176392
5.799391383
8.776485533
8.332825062
10.95395234
9.011456296
9.044325886
10.72995459
9.841228865
7.053051665
13.33733941
12.57065412
6.069318857
4.959431698
5.106567353
5.15660632
4.732498108
4.452377298
3.455503496
4.176515011
4.049653446
4.087583939
3.777468734
3.377620388
6.319056833
4.452597797
6.760976948
10.39918712
8.502516925
10.01542432
9.824318551
8.783338418
5.876961003
6.09178021
8.412614289
13.16204301
7.212367946
5.450077116
4.496240427
5.829317047
4.639055048
4.298340553
4.230965202
3.572810208
5.234030703
4.699608614
4.07342131
9.353167857
8.006879957
4.208283972
7.329259473
8.682954149
8.177451017
9.148440911
10.7698475
9.022286249
11.60764293
14.4833234
11.94997307
10.27153717
7.017931679
5.909050916
8.00564622
5.998541477
6.906397438
3.821686092
4.385064458
4.059511524
3.129159378
5.037786282
6.090618936
3.339254495
3.498540609
5.150122592
9.938364428
10.7998478
10.53679716
11.33063617
12.88870822
16.2578328
12.76442485
12.68592596
10.04733665
8.059614361
7.017401113
8.619405031
8.291610098
5.841674943
5.278494684
4.341013796
4.054913389
3.948267446
3.508071515
5.559664808
4.972215042
3.200626867
3.447274747
5.294647091
5.601426199
10.04127651
14.76709971
16.87480424
18.46726575
24.83531201
23.51090576
16.9697202
12.6180866
10.54573841
9.349241793
15.06847301
10.49588915
6.322014443
6.359213153
5.012158016
4.805909347
5.365726141
5.179376807
4.845910478
9.096612139
5.152275023
3.979462301
5.631482172
7.875790658
9.480086335
7.740956919
9.025469956
10.87175784
9.985415618
8.679110189
13.85795248
9.762595003
8.237751118
6.062930606
7.692851128
8.398603428
7.737280899
4.915996505
4.215768809
6.40617322
4.034848602
3.22919626