10.12703282
9.869822298
5.767395774
9.94267737
13.22775835
6.16850115
5.468451174
7.403355456
5.615150748
10.73726835
10.2923329
9.926524506
22.08088619
11.2611358
21.96240124
22.36856857
11.48896399
12.0326412
8.376734502
6.60713211
8.035441782
7.800057288
5.376119424
6.178664286
5.49792303
8.314302888
6.886673046
6.288577962
22.10053263
11.05938754
21.16799911
18.411185
16.78279659
7.337325516
7.457295516
7.264498308
22.32867971
12.5028542
11.0230178
5.70287049
5.782728972
5.900451276
8.011750932
7.725587652
6.164345544
7.982048424
6.325163394
11.22255474
22.33738205
21.60315301
22.365938
13.02249896
8.381423394
8.210000712
7.633292538
7.451981748
6.246937536
5.73442389
7.455028212
6.28903875
7.147366824
8.05933413
7.101374712
7.20921768
7.491249348
8.939418828
6.58471449
6.045171732
20.16722227
12.75691712
15.14777009
22.26097999
12.42387756
22.29572485
11.91703011
10.03478492
9.21856941
7.64074074
7.524394092
7.991117898
8.623465062
6.834035628
5.730859104
7.349033814
7.26107955
6.463883544
6.39761676
7.626295578
7.49821896
8.067813558
8.228187132
6.946661142
8.469768012
8.706330018
6.894174396
15.78858611
10.8962255
11.79770485
13.4807743
10.54227221
7.463523636
8.441761338
8.125847046
6.036821304
5.575251048
8.148971844
8.466516696
6.88665447
8.295776166
6.64785999
7.261729194
7.385855574
6.539050296
6.897835158
7.13342889
6.05738313
6.831650418
5.762398572
5.456919348
5.83526577
6.979134312
8.906703396
10.59087038
5.555191548
5.592573426
5.854819332
6.29321448
6.502966158
6.193357902
6.753328584
6.681886836
7.00899162
7.375514934
8.183319642
6.88652289
7.039581132
7.310795376
6.579925752
6.167943096
6.270404958
7.18501599
8.114021874
6.441098532
6.618224304
5.829595188
9.13656153
10.39931234
9.48044457
6.758815212
5.842520472
5.665249446
5.755486752
5.280415356
6.146922546
6.999832104
6.372344886
6.3173994
6.643249272
6.22128279
6.350095482
6.242760516
5.613448722
5.877486696
5.494337604
7.01335053
7.19885253
7.586094018
11.15565792
21.61240669
15.52812143
15.60725468
10.6824725
7.499664018
7.98465603
6.587775918
6.157646316
5.90855067
7.386220386
6.402228768
8.934693558
7.162022772
6.312390846
7.227473502
9.488524872
7.610101176
7.597797156
6.906790854
6.137050692
5.756085054
7.09590279
6.200265078
22.25236382
22.13893387
11.97222199
5.966045712
7.776614892
5.951828622
5.837200254
6.67213908
5.479062972
12.97730278
6.171703704
7.575364314
8.362685112
7.743470922
6.874616706
6.362078034
6.49196349
6.182195016
6.619693098
6.551162622
5.793843354
6.58256148
5.864674416
5.915032404
9.886156794
10.10894212
22.15829393
7.551618252
6.850496544
6.272989344
6.715209084
9.355360236
7.89886845
8.393048358
8.945520528
6.711866436
7.93722144
7.191196896
6.780941034
6.992446854
7.362500898
7.300699062
7.553407224
8.06575317
7.047687492
5.699813964
6.2766225
13.33614647
12.47875906