6.33325448
5.339808752
5.013319094
3.917697501
5.847622586
4.938284783
5.901759273
4.36354795
3.878528855
4.380167575
4.948140057
5.304121111
7.065936749
7.987482099
12.11876576
16.07777623
15.6704274
17.6475223
8.700572191
4.406381422
10.91569154
6.152608553
13.36865207
7.784211416
3.406841738
4.890708991
3.841747264
4.503371403
4.242055546
6.770405876
11.74845303
12.63454785
4.416330009
2.521934176
5.355536761
5.469197231
9.619336851
7.645470693
6.949380958
5.026447242
3.933598298
4.430764539
7.66693661
5.689133354
5.025805271
5.198426841
7.749123671
7.739846788
7.84599659
8.670011342
11.35270605
5.468284858
2.607210664
6.058487526
9.212411574
4.54345691
1.92007505
4.620672763
3.250769855
5.429333693
6.915630076
6.295604274
4.356765834
6.65024753
5.302513846
3.887343848
5.02359624
3.999971143
4.955302531
6.830827633
7.656483871
9.987129386
10.51984414
6.708044368
11.18079452
6.931430641
6.473142635
5.064405998
5.832762818
3.379876338
4.204514174
4.209439006
6.733199982
4.918378446
6.601842206
6.967003651
5.342465087
4.526828122
4.927874306
4.566096065
7.802661584
8.628434884
9.741092925
9.293220632
5.877627671
5.413011959
7.798941032
4.905029077
7.225997342
5.251457236
2.908037564
4.407583832
4.919123267
5.060178115
5.282833779
5.193567833
4.316567192
3.506767993
5.197014617
4.257940074
5.35927059
4.457287871
4.869154062
5.219663309
4.917526474
4.320907462
6.584736194
5.937825776
8.116171385
9.127961439
11.1054251
8.412107113
9.80262995
4.887212652
3.276203912
7.713509708
3.546292126
3.516730792
5.131614172
4.136604937
5.886463047
5.06454176
5.277090822
5.108777919
5.091001699
4.726545057
4.975319011
4.543845683
5.581264461
6.119669999
6.871084993
6.307519166
5.824365396
5.923122153
7.434839877
8.227075662
7.991542804
3.970322854
3.836101173
3.880311339
3.757658226
5.302478877
4.741153871
4.898684541
4.105167806
6.729065599
5.028104997
4.926792698
5.880657071
4.802009468
5.431607987
4.663510723
4.38960266
4.684627137
4.474616039
5.895255413
6.876628982
12.87997039
12.39573838
11.0216693
6.187305094
4.367267006
4.513587026
2.58586237
5.135410459
4.677787238
6.907750644
5.080698747
7.89187891
6.286690545
5.232446442
6.449985677
5.22184055
5.255888388
5.21033631
4.269814948
3.926470045
3.506665517
5.196389476
5.851014205
7.50777717
8.697705855
10.35280976
9.118753933
10.13485135
7.365276625
7.32093425
8.133557523
6.231931148
4.480831171
3.84702029
4.217096843
4.691791107
6.153428361
5.515640551
4.99623253
4.982955343
4.949147426
5.00884568
4.408385127
3.973117008
4.190812497
4.888410574
5.150576159
8.045294645
6.186038356
4.718612891
8.889882576
6.246914336
2.944675913
4.085910172
3.898572263
5.143959351
5.62576616
4.842240087
4.78194175
4.649964069
4.772345845
4.487152519
4.188817581
5.222758346
5.327878526
5.097519771
4.162341747
4.277023611
4.768342362
4.785298213
6.395272843
5.117919975
7.877279633