19.79555231
14.60642285
8.878427438
5.986643764
10.11651975
5.815323732
2.235753322
3.957385052
4.31012726
5.203526832
5.241927688
4.831396268
7.132279892
8.50952545
16.7220524
15.13442786
22.24830744
21.83868457
19.83816363
20.46891827
17.54381016
21.65591208
21.60305057
18.52102393
18.80191883
17.9850864
13.20740807
13.50442388
8.241345772
3.21328684
4.226799444
9.273569042
9.919906162
12.50022588
9.864221
16.09490151
11.84457686
26.86267736
25.40535453
17.09709686
12.42660103
15.4597434
10.25129725
11.69225445
6.518240362
6.329446406
9.29616975
8.384374528
7.363940698
5.837980886
5.967584282
6.040154572
6.358272398
3.442928096
6.626995242
5.87017978
7.446618202
12.67918201
11.41508026
10.33498301
14.84850352
17.43459053
20.1972937
19.79958262
15.66262452
14.22051102
7.56674881
7.927625664
8.343046592
5.633561866
6.487198104
3.683873086
3.188375564
3.66508637
5.134168218
3.633191676
3.765098542
4.440558756
6.672684392
8.58161409
9.454620094
10.6283109
10.67190749
9.336008458
19.84304908
22.97620227
19.25989836
16.40543833
11.05440553
9.275383764
9.72698793
5.49768857
6.80885648
6.272912526
2.48398593
5.298104302
5.95359987
7.176719456
6.549413764
6.498781364
5.622850984
5.674071166
7.734960594
8.076503848
11.11837406
12.39777166
14.67884814
15.12418511
11.90062706
15.89756088
18.62390978
14.57958768
11.45757767
10.10216083
9.114396054
9.740327438
7.3866303
5.006308226
5.19542193
3.878651332
4.16003667
5.948552854
5.210296634
4.600828216
4.205749818
3.974201904
8.726635018
10.60882925
9.723582242
11.89656227
12.06547777
11.01522423
10.92228403
7.86335057
7.275523954
7.953620568
5.894938956
7.950348052
8.601670334
8.549300276
17.02978821
15.17960359
12.89728124
9.20969414
4.624489906
12.41916165
8.981835834
5.860581594
7.49582458
7.967190592
9.35052353
11.49445652
9.586321456
9.69188494
15.1795921
18.81747089
16.62576735
8.100350424
4.410079268
8.173465232
7.844482734
6.849936324
5.72323259
5.526555798
5.762257056
4.96963962
4.89597421
7.565363348
6.379796238
9.491234282
20.57366413
19.17131464
14.02014969
13.04088155
9.76923962
15.79754601
18.4528784
21.28309132
14.59386649
11.65763548
13.85445431
15.98375291
14.35957402
4.287611052
4.449308224
6.41254472
6.432635102
9.155062862
4.453437232
5.8668133
6.43621486
2.565946198
4.68660011
10.99105723
10.42681118
13.23378153
12.22749807
8.074385602
9.420075818
12.9509046
21.76785126
18.04974918
13.48727207
11.16479092
10.2504198
9.144968492
11.80164646
8.138733028
3.798691348
7.3473547
11.04861525
7.19172598
5.751800012
5.944893328
19.97060048
18.09100005
11.14249441
11.62119739
8.225252916
15.19199264
13.1609476
10.70217708
8.963597692
8.66348783
7.263397866
6.88950835
6.389616152
8.407588706
8.855321082
9.498813932
7.404751156
9.268905318
7.324980452
9.528519062
10.77484573
6.520585406
9.10293346
9.149382772
6.404634168
5.723733506