5.355467516
5.633840754
4.437165846
4.738757422
6.263902329
4.495592071
5.22106296
4.494556894
2.557735579
7.165109493
4.451021116
5.418080781
5.1103781
5.59207217
5.41624795
4.049476115
5.685121841
4.165933313
3.064672438
3.449803613
7.744375466
5.033924151
7.192541469
5.922181378
5.255611474
4.122201482
5.887766998
5.218745788
6.445242917
5.588153398
7.511147757
6.747435379
4.663726037
6.202088291
5.805067953
5.105061074
6.137103657
4.452015109
5.086524127
5.115359934
7.014068603
7.792773244
7.230491095
5.636137763
5.655331938
5.160414515
4.455163683
6.205950292
4.639261311
4.153371192
4.427429119
3.379730038
6.693184468
7.073111158
5.290958786
7.528209659
5.925432912
3.860632889
5.438507759
4.398744463
7.236462775
5.226667273
5.741942891
6.566304572
5.838939076
6.739093188
6.345173233
4.294417812
3.522763786
6.694649217
4.963107405
5.249282866
5.064088285
5.937254293
4.470577796
7.436996966
6.604331418
7.375820994
5.818687845
4.064452219
3.833902471
5.859972374
5.300012259
6.070034655
5.115573147
4.132021435
5.391418431
7.500510988
6.290363764
6.917857631
5.930938698
4.877143098
4.456645306
5.53537696
7.164162404
6.428630464
5.609019672
4.496751801
3.791992031
3.646543299
4.568539946
3.610800449
3.990498482
3.715607866
5.511872765
3.816011169
2.972802231
5.41926382
4.508725906
4.040307527
6.627206556
6.27369025
6.478610823
6.81432463
6.412912905
5.645332806
4.95426786
5.736118644
4.516577607
3.775323379
4.342061694
3.761831472
3.909323817
3.461967479
7.788853614
5.245827414
6.839814809
5.966683693
4.923553033
3.618186256
4.810689425
5.733677634
5.070958863
6.14041425
6.491758815
6.178721376
5.538230811
6.676898627
4.874869398
3.712787191
6.240077385
4.281067189
4.096416866
4.633586213
3.790917386
3.674890618
3.724400793
3.267634054
3.891751119
4.559386516
3.134842824
5.357213689
4.311233897
3.51776851
3.753257907
4.673840141
4.021166691
6.061805005
5.427154846
4.432411525
5.954329923
5.839501066
5.2256933
6.353443781
5.276604589
6.688222797
4.864244927
3.817774502
4.780727636
3.944601774
3.255927931
3.502148906
7.061013501
5.636693604
4.661872757
5.656909371
4.270758319
5.311305255
4.935968865
4.367928964
4.979749459
6.297743422
4.686585159
6.569231639
5.956644378
5.050243883
5.977875731
5.55994436
4.491445071
4.69710238
3.752466259
3.906702484
3.838440862
3.504003044
5.360758087
4.975957957
7.209008777
5.707136691
4.861627312
5.641714334
5.280914895
4.02107274
4.926955432
5.387448894
6.278536949
4.747243471
4.632674731
6.848395667
4.267437859
6.530611915
5.678407562
5.14259314
6.271658363
5.856971376
4.697119254
3.872033993
4.249588742
3.820585882
3.09026715
3.668132009
3.968113548
6.946752211
4.920724064
5.876714957
6.507929827
4.594551789
3.278168864
4.577775029
3.803881194
7.7083735
4.612138644
6.032852081
5.526545137
5.740596546
5.157440544
4.821477917
7.051382451
5.441852529
4.630541457
5.213499261