2.310737488
5.547379288
8.022142024
3.953561408
6.321118952
7.170554168
3.157075184
8.27907052
3.120556192
5.653897768
4.287709168
8.4212328
2.800374056
10.04836328
4.466565032
5.171739144
5.601367648
4.991839944
15.22007195
15.92392373
15.66499462
16.21471042
18.31387245
14.2081516
12.8495389
12.49216942
11.36843628
7.652257464
7.297757832
5.03419884
4.825267272
3.644471568
4.26130808
9.656139624
10.65008394
12.40195495
17.74178357
14.69845975
10.23933494
5.914542048
5.488184664
4.273541176
3.360576544
3.688005488
4.174145752
18.23467538
7.496340608
6.815214064
6.97753924
6.520378768
3.5364574
2.30586404
10.82790689
10.61185797
12.3300481
9.037450552
9.387499328
6.187204904
3.405902016
3.485665016
3.760910544
-0.015535496
1.831292232
1.535349368
2.063463632
4.755744688
4.790632584
4.973947984
4.973207704
10.22773722
6.350517864
2.939822224
6.964516016
9.329952416
14.58248478
14.60087324
15.51923956
9.66627836
4.017531768
6.28358812
4.565995424
3.772900104
4.254559752
3.157917392
3.064608384
3.264100824
2.615354896
2.744222888
2.509343824
4.781148816
4.980443848
6.200639808
4.668426616
5.9227506
7.331375968
6.29449764
8.069392968
8.01796992
12.84648429
7.906266752
7.51260172
4.012153144
7.122014864
4.654892016
3.542791568
3.58418128
1.984929224
2.4094214
2.797050856
3.460732088
3.559003824
2.8227878
3.217121192
3.586846288
5.633443968
4.779021472
5.11234736
14.62173525
15.84742862
13.83673242
14.56006583
13.49354431
11.96875847
8.515105512
7.912324152
7.739902648
5.51351836
5.17067696
4.517410488
3.800766128
4.168053632
3.11198928
3.385263704
2.582531104
1.270492064
2.437040664
3.102521136
5.206637456
5.74295184
8.390310424
8.408895792
7.556783168
6.863425264
6.092264304
4.807975472
4.95190996
4.499622192
4.151708696
5.189390048
3.198773656
6.947027304
3.476771488
4.337707208
3.9624842
2.943890416
2.95553104
3.23598556
4.595456088
3.077307224
3.324894056
3.963089816
2.792190304
6.005292936
6.448684448
5.2010272
4.428890608
14.85073746
16.38131608
15.04515978
14.27486236
12.16036674
8.585452448
8.741209592
5.460104616
5.229361696
5.974170176
5.922076536
5.908578392
4.032898344
3.815474016
3.707811264
3.853817048
1.877692288
2.36559236
3.112237776
1.093624168
5.626417384
6.715984056
5.86962156
8.4085228
15.98617644
14.53469717
13.79850694
13.44645829
11.50315484
10.65674845
7.411538992
8.303109408
5.730145864
4.534427008
4.30404096
4.339672856
4.200464008
3.02380544
2.820221496
1.5011648
1.333407184
1.708670368
3.12128184
2.684251032
4.934121912
5.701986704
6.980101576
7.62398844
8.694283776
9.96655056
10.03978
12.92034067
8.988312328
9.263223056
8.311515864
4.315821704
4.525664176
4.100597632
4.310517232
5.148073248
3.403500632
3.428622536
2.91395136
2.37747528
2.168632744
2.648383536
3.301558744
2.702960648
3.405266888
5.84988448
5.601021192
6.241178136
7.884246088
7.429757072