8.753549345
8.95574025
9.125244305
7.42959528
6.359198085
5.83822606
6.957531835
6.40970151
6.248152465
5.659349355
5.466546045
5.787449355
5.669379585
6.68178591
5.667321445
5.53269475
6.55208893
7.356038125
6.725448795
7.10784651
8.43923251
6.00770236
7.22784632
7.880829665
8.22491267
7.690780505
8.466178345
7.54202865
7.04675562
6.811754035
6.429238895
5.7064624
6.217724445
6.443129205
6.96429765
6.697595585
7.2579242
6.98146732
6.734812905
6.977886925
6.51980346
5.47331186
6.288892535
7.645932695
6.94219613
7.937902485
8.903383645
7.64265547
8.35755168
8.019442405
8.17115764
8.00197597
7.369783255
6.76432928
6.014912255
6.134604625
5.42965538
5.96337122
5.12825316
5.513007915
6.2402551
6.81390398
6.89466249
6.012452735
6.189482665
6.316438305
7.650783415
7.62237724
7.650403385
6.82354991
7.721755085
7.24094241
8.50359422
9.36537843
7.81267833
7.341865995
6.721943125
6.204880285
7.10122801
7.33361422
6.26590072
6.014515145
5.46045489
6.01555489
6.530591615
6.63888522
6.49476418
5.59782506
6.27859116
6.45663308
6.531671925
7.244919915
7.41635401
5.83792716
7.548256445
8.92196455
8.189691575
8.6400378
7.623873875
6.909780425
6.859710405
7.535715455
6.45246983
7.376704925
5.572044935
5.90021792
5.513370865
7.351294155
6.699239535
6.79014143
6.648119095
6.898870575
6.40094374
7.502294165
7.44408339
6.74348741
6.67369426
7.492016275
6.85751776
8.04323271
7.897824265
8.195904425
8.487357545
8.00620754
6.521778335
8.233783595
6.27175916
6.195691245
6.8422397
6.898366715
6.14881305
5.79721271
5.714893515
4.234967025
5.184956625
6.285177635
6.257559275
5.621606825
7.62116029
8.08132538
7.739198035
9.140727325
8.367246715
7.365863395
7.369036005
7.948504895
8.94313948
9.06663215
7.97813656
6.837822385
6.66609366
4.8983649
5.563761135
6.213226
5.779801785
5.387461375
6.45208126
5.89198536
5.80919433
5.78501759
6.15678514
6.011389505
7.87164276
8.5955871
7.55813509
8.00520409
7.32792231
7.66938567
8.315810295
8.451135135
8.731430745
7.779348845
7.339760885
7.407128675
7.116418535
6.492759415
5.37509759
4.427347605
4.69782435
4.8546401
5.469799785
7.509694075
5.607268165
6.47971243
6.95361838
8.59732072
8.723501355
8.80411255
8.7283414
7.532384855
8.20621007
7.77682314
8.84821738
8.89043914
8.1292177
6.67995408
6.712839485
4.404409165
5.178658375
5.03416798
5.35809872
4.767811785
6.470969605
6.49371803
6.615047945
7.423943935
7.06563329
6.60214614
6.499582875
6.96168441
6.37177537
8.153755255
9.343825605
7.584034775
9.09966487
7.86386709
8.65447894
7.235812005
8.649916445
6.97844843
8.00066935
5.969564855
6.73244092
4.960747465
5.11632705
5.065558885
5.52612749
-1.300857395
31.10114945
-0.515600125
44.98479398
14.30571292
10.78881709
14.92447862
5.89510673
5.89510673
5.89510673
5.89510673
5.89510673
5.89510673