4.938262296
4.863484212
5.530663182
3.883169916
3.212934438
7.231081806
5.213222994
2.691818484
4.240501452
3.616718178
3.920476854
3.99534264
4.009223814
6.678046056
10.93796918
9.515795412
13.86153587
13.16871806
15.63593393
10.62450357
7.501969026
3.094674822
4.116197862
3.991967046
3.133608912
-0.387355818
1.303523814
3.762070248
8.995052658
9.716892366
6.983500926
4.300803108
3.66691731
4.913483682
4.591535238
5.420438562
5.999419176
5.770343418
3.949021056
2.504042904
10.0492251
14.36604443
2.868271176
3.621282414
4.03099257
4.419116838
5.158786176
3.645073914
5.241218592
4.987479912
6.037022808
5.154190218
6.768494808
5.64958896
3.000348522
1.788801372
3.667867104
3.550290444
3.049334754
6.465167178
4.52258094
4.38361992
5.51205543
5.691799746
5.508498834
5.48720031
5.394279108
5.668974834
5.69712531
7.425438768
9.335166612
8.4375609
11.10252239
4.28655993
2.148605358
4.186305348
4.044925992
3.073337112
3.046110306
2.134991022
4.269073644
5.19795165
3.168055272
3.32959116
3.624898722
3.950752704
3.62359812
4.424095326
3.752618958
4.245590034
4.410223482
5.284304532
4.66346394
8.288195064
9.835890918
6.812791782
6.36769107
3.820466718
2.942911176
2.959486854
4.12671837
4.01722149
2.943709824
3.67545426
4.521493062
4.47708786
5.814744888
3.459475956
2.823668178
3.526207848
1.809045606
3.089263422
4.860674016
4.79310429
5.85987783
5.639096442
6.02111889
8.926699212
8.328071484
6.366088176
5.546710782
3.913809636
4.882511814
1.871926074
2.596053498
2.916380388
3.22259472
2.714111586
2.672949492
5.633393946
4.372464972
4.481560662
2.38511526
2.898578748
4.319132826
5.25423021
4.829821572
3.922109604
5.283481626
7.803514626
13.62418441
13.12205873
9.851462688
8.937981048
4.62064857
4.239505008
6.480905022
2.554507008
2.282337846
5.070138114
4.69841412
11.07333628
14.63148666
12.19757702
10.11137036
7.5836793
4.690179462
3.86472264
3.169354008
3.570157746
3.302582676
4.125268488
8.866388226
11.36258308
8.656220646
6.612950646
2.73979521
4.392401316
7.26475191
7.40094192
8.75962317
4.25738502
4.160629188
4.245500466
5.486252382
4.332446736
3.408300906
3.992661198
3.776421654
3.726567732
2.20656705
3.936192306
3.228998832
3.833789958
3.901469778
4.520026386
8.379433134
6.149176872
6.848462238
6.16592982
7.098274854
7.53799029
6.830615814
5.795749008
4.803854316
3.971105166
3.420351534
5.659857558
4.676016522
5.281796628
3.736119786
4.10764785
4.043879166
4.584287694
3.019512342
3.743757324
1.655654808
3.86477862
6.082433784
4.543614492
4.047118542
3.979530156
4.693775244
6.211542324
8.581944516
6.59596818
9.475116612
6.363572808
2.539427862
3.295133604
3.918252582
4.146837582
3.208467234
2.693048178
2.662817112
4.23227799
3.604484682
2.400185076
2.855350992
3.343953762
3.401596368
6.019454418
3.964598424
4.362209436
5.265439272
4.264841556
7.354818132
8.92540794
9.8800722
6.086824482