10.85229632
4.839683924
6.158722484
5.825410904
3.69704108
5.502068696
8.771299976
12.17705856
6.822527528
8.769204596
6.438007784
9.177408056
8.501900888
8.929492472
5.711712536
7.978583324
14.79321369
17.84407387
15.21750206
9.872635232
7.806777788
9.786658628
16.69666041
13.26273226
12.33859686
5.630554928
8.625627848
6.260638592
5.176245548
6.74282396
4.014452468
4.201291064
4.925432468
13.82813332
11.28700338
5.089333772
17.18573546
10.80729013
7.627734308
6.751306784
-5.719928272
7.940613476
7.278589316
6.840206336
7.893322148
4.154570012
7.918420592
5.977120448
8.525359568
15.52702056
10.98160609
13.97419656
10.8633125
12.3301987
8.105488256
10.48428711
13.19814189
8.112942668
6.85112978
6.313308356
7.103815472
7.247361728
6.322576412
6.488575364
4.850389136
5.718421532
7.583880764
7.983639956
6.65603138
6.720408056
8.272302428
9.70305662
7.425412076
10.28506599
7.925916332
6.402195308
6.930432164
4.784538008
5.487397508
7.164608204
12.17391133
9.823499516
10.96826949
11.90925312
6.737931128
8.378219288
8.570714024
11.34849843
8.938140608
6.608913428
4.249894052
9.275553992
5.890659248
3.407341376
7.705859348
7.55002028
5.908130408
5.284041068
6.43099538
11.09611917
7.868124668
5.611523132
7.884216128
5.390907212
10.24673049
6.760091756
9.230185676
10.76207856
6.393269216
10.53327012
7.06454732
7.217337692
6.460932728
7.01058782
7.548695264
4.192830416
7.031769428
5.749875416
7.288414544
8.305307624
7.40806364
8.8553261
9.222340916
10.42043485
9.916168988
10.52471421
7.987156364
5.87822204
4.719498572
7.075181468
5.991604904
6.268259828
6.408143264
6.20782544
7.119382268
5.837441132
7.0607963
3.491265944
3.760990616
7.511610944
8.375151944
11.46057997
13.49377947
9.824040812
7.118551172
5.584260764
6.0276026
7.280865128
7.359684428
7.961485376
10.12450419
11.82235444
11.65381357
8.502438152
5.447869292
6.442049864
3.42399656
5.390012108
6.284912744
5.596337108
7.408484984
6.168924704
7.380836552
8.273975204
6.927273848
7.314835484
8.347469744
14.90532748
12.31419519
11.57230341
7.40935766
7.209504524
7.611852764
8.042257676
2.00993132
18.51186328
8.53797368
3.616342364
6.128937596
8.465628764
6.486410936
4.616584796
10.80015021
13.26676704
10.1566168
4.036771352
9.605886428
4.423597652
5.284390844
9.566924708
9.188584508
4.664078984
8.389566848
7.206406688
17.47613698
20.39280439
10.15653843
9.551576144
13.49779459
18.46455608
13.11811249
11.61980415
13.67616321
7.534615016
6.437949068
8.495783336
9.495564356
8.174516348
6.114417356
6.13299026
8.44071806
1.623795752
4.80298592
8.14951946
9.161953904
8.420119076
9.176263976
7.098759848
7.541440688
11.46890227
7.41147068
8.263866476
13.3103212
9.64570268
9.455158172
8.077408652
9.587528228
9.4441682
5.683233512
10.17673245
8.91039692
3.965029724
7.41373616
7.263528788
3.761926292
4.94139944
3.479527532
6.303923624
7.479807032
8.27470424