2.514351648
5.465871678
3.274602206
3.107539557
6.988044744
3.757528244
3.578501177
3.147818378
-6.464953053
2.587291099
4.679569048
2.952027413
2.534014061
6.247121647
6.793870091
11.19542993
11.87357875
16.61452336
9.149559126
13.63298044
4.604217774
3.785454586
4.709955826
3.528432878
3.163757822
2.540356231
2.655971714
2.579195489
2.152822668
5.38859724
4.715241155
12.61688304
11.64612611
11.5276728
3.416115211
3.613895656
3.695553413
3.400408435
1.99571332
3.089048071
6.617836517
13.66749286
13.03508663
-3.820587941
1.880727277
2.466934584
-2.508804352
1.567839959
13.32425558
17.41728753
11.77459116
13.26514105
7.049849851
2.52014643
2.325057122
2.894025641
2.474406374
2.883249572
7.273357251
-3.01560696
1.742065017
3.376402324
-0.286314656
0.911189324
3.831954185
1.497121251
0.229129264
7.754012809
14.11955695
13.48564315
14.9369882
14.06657918
13.13389775
10.82139645
5.498854334
3.375921252
3.117832025
3.190865892
3.056408516
3.068788533
2.743993559
2.543871541
2.586151363
2.390930828
2.358219618
2.100513956
0.93617753
3.166975553
4.37715179
3.622746313
1.189268891
7.589895321
9.992427618
7.203878877
11.52096786
13.33663756
12.78274076
11.61850943
10.17113041
5.691395815
2.807703003
2.99456997
2.750273628
2.711786744
3.144558216
4.713101059
3.443691989
2.720798976
2.594751368
2.602590987
2.740558053
3.113821031
2.173733283
3.717405659
4.688025743
7.020934951
8.314726672
10.89713747
13.06345105
12.80050305
12.14160807
12.32594126
6.469822858
4.710424253
3.365356495
3.369078059
3.215120407
3.015995939
2.912762159
3.1940603
3.455013198
2.713533721
2.600848225
2.655541784
2.492239758
3.120946348
2.755583966
2.929456369
4.495495502
5.011321582
7.771536531
12.97364345
12.52727635
10.92367426
7.101089077
13.45167109
7.93822826
4.14814522
4.83155408
3.22386035
2.912076519
2.812419869
3.502850919
2.92469651
3.591030967
3.873584616
3.02825344
2.41896676
2.385585927
3.520722238
3.206916331
3.243464596
1.349775248
5.101121595
7.411640442
10.04343699
6.928471901
11.4656325
14.68837626
12.63696217
6.631348121
9.396977378
6.938531982
2.391240209
2.649251037
2.731712735
3.222180251
2.89501448
1.821247726
2.872311647
2.669752235
2.803584105
2.861404632
2.154326299
3.046750546
1.340431436
3.730234714
5.936244041
8.770269541
9.33589416
9.259552923
14.84115624
13.64254203
12.66699377
8.495447045
4.144816775
2.904052845
2.626092422
3.266525142
2.89442438
4.29926983
3.891318526
3.26067416
2.459235746
2.068501874
2.664626514
2.652009614
2.814772682
0.909954048
1.08205025
3.844506736
7.871365434
6.801010301
6.916364454
12.95741233
11.82784572
6.840994353
12.17023017
8.323762508
-1.065590038
3.526584179
3.121732867
2.748286115
2.690781713
4.830502859
3.567743654
2.683999216
2.880218144
2.062956901
2.176108857
2.65818768
2.207127042
1.572029388
5.876898246
5.24243509
3.433932297
6.838806768
9.707340754
9.05206168
16.60281746