3.59192966055088
3.33113739011453
3.09266205185394
2.98101427502914
2.89655860528139
2.89655860528139
2.89655860528139
2.89655860528139
2.89655860528139
2.89655860528139
2.89655860528139
2.89655860528139
2.89655860528139
2.89655860528139
2.89655860528139
2.89655860528139
2.89655860528139
2.89655860528139
2.89655860528139
2.89655860528139
2.89655860528139
2.89655860528139
2.89655860528139
2.89655860528139
2.89655860528139
2.89655860528139
2.89655860528139
2.89655860528139
2.89655860528139
2.89655860528139
2.89655860528139
2.89655860528139
2.89655860528139
2.89655860528139
2.89655860528139
2.89655860528139
2.89655860528139
2.89655860528139
2.89655860528139
2.89655860528139
2.89655860528139
2.89655860528139
2.89655860528139
2.89655860528139
2.89655860528139
2.89655860528139
2.89655860528139
2.89655860528139
2.89655860528139
2.89655860528139
2.89655860528139
2.89655860528139
2.89655860528139
2.89655860528139
2.89655860528139
2.89655860528139
2.89655860528139
2.89655860528139
2.89655860528139
2.89655860528139
2.89655860528139
2.89655860528139
2.89655860528139
2.89655860528139
2.89655860528139
2.89655860528139
2.89655860528139
2.89655860528139
2.89655860528139
2.89655860528139
2.89655860528139
2.89655860528139
2.89655860528139
2.89655860528139
2.89655860528139
2.89655860528139
2.89655860528139
2.89655860528139
2.89655860528139
2.89655860528139
