3.56601262680212
3.25728745336859
2.93905223192393
2.61981392340397
2.49376602442144
2.49376602442144
2.49376602442144
2.49376602442144
2.49376602442144
2.49376602442144
2.49376602442144
2.49376602442144
2.49376602442144
2.49376602442144
2.49376602442144
2.49376602442144
2.49376602442144
2.49376602442144
2.49376602442144
2.49376602442144
2.49376602442144
2.49376602442144
2.49376602442144
2.49376602442144
2.49376602442144
2.49376602442144
2.49376602442144
2.49376602442144
2.49376602442144
2.49376602442144
2.49376602442144
2.49376602442144
2.49376602442144
2.49376602442144
2.49376602442144
2.49376602442144
2.49376602442144
2.49376602442144
2.49376602442144
2.49376602442144
2.49376602442144
2.49376602442144
2.49376602442144
2.49376602442144
2.49376602442144
2.49376602442144
2.49376602442144
2.49376602442144
2.49376602442144
2.49376602442144
2.49376602442144
2.49376602442144
2.49376602442144
2.49376602442144
2.49376602442144
2.49376602442144
2.49376602442144
2.49376602442144
2.49376602442144
2.49376602442144
2.49376602442144
2.49376602442144
2.49376602442144
2.49376602442144
2.49376602442144
2.49376602442144
2.49376602442144
2.49376602442144
2.49376602442144
2.49376602442144
2.49376602442144
2.49376602442144
2.49376602442144
2.49376602442144
2.49376602442144
2.49376602442144
2.49376602442144
2.49376602442144
2.49376602442144
2.49376602442144
