0.0877709858879001
0.0877220589273238
0.0876731319667146
0.0876242050060831
0.0875752780454722
0.087526351084847
0.0874774241242324
0.0874284971635877
0.08737957020299
0.0873306432423977
0.0872817162817991
0.0872327893211997
0.0871838623605736
0.0871349353999697
0.0870860084393552
0.0870370814787309
0.086988154518143
0.0869392275575649
0.0868903005969601
0.0868413736363518
0.0867924466757515
0.0867435197151512
0.0866945927545792
0.0866456657940251
0.0865967388334585
0.0865478118729222
0.0864988849123636
0.0864499579518156
0.0864010309912127
0.0863521040306185
0.0863031770700129
0.0862542501093886
0.0862053231487323
0.0861563961881249
0.0861074692274819
0.0860585422668629
0.0860096153062138
0.0859606883455388
0.0859117613849012
0.0858628344242289
0.0858139074635504
0.0857649805029164
0.0857160535422885
0.0856671265816527
0.0856181996209937
0.085569272660309
0.0855203456996945
0.0854714187390719
0.085422491778429
0.0853735648177443
0.0853246378570454
0.0852757108963553
0.0852267839356591
0.0851778569749557
0.0851289300142861
0.0850800030535872
0.0850310760929265
0.0849821491322604
0.0849332221716441
0.0848842952110518
0.0848353682504577
0.0847864412898724
0.0847375143292739
0.0846885873686674
0.0846396604080963
0.0845907334475546
0.0845418064870351
0.0844928795265014
0.0844439525659517
0.0843950256053931
0.0843460986448239
0.0842971716841712
0.0842482447235771
0.0841993177629776
0.0841503908023835
0.0841014638418001
0.0840525368812584
0.0840036099207238
0.0839546829602016
0.0839057559997158
