1.0052467739013
1.00878894928008
1.01118032475195
1.0127947780288
1.01388471953476
1.01462055531487
1.01511732903376
1.01545270838667
1.01567912799399
1.01583198725063
1.0159351848165
1.01600485503364
1.01605189043719
1.01608364474022
1.01610508254418
1.01611955552564
1.01612932645146
1.01613592294933
1.01614037634351
1.01614338289639
1.01614541266512
1.01614678299229
1.01614770812062
1.01614833268856
1.0161487543437
1.01614903900938
1.01614923119143
1.0161493609364
1.01614944852917
1.01614950766435
1.01614954758739
1.01614957454004
1.01614959273617
1.01614960502065
1.01614961331409
1.01614961891311
1.01614962269309
1.01614962524502
1.01614962696786
1.01614962813097
1.01614962891621
1.01614962944634
1.01614962980423
1.01614963004585
1.01614963020897
1.0161496303191
1.01614963039345
1.01614963044364
1.01614963047753
1.0161496305004
1.01614963051585
1.01614963052628
1.01614963053332
1.01614963053807
1.01614963054128
1.01614963054344
1.0161496305449
1.01614963054589
1.01614963054656
1.01614963054701
1.01614963054731
1.01614963054752
1.01614963054766
1.01614963054775
1.01614963054781
1.01614963054785
1.01614963054788
1.0161496305479
1.01614963054792
1.01614963054792
1.01614963054793
1.01614963054793
1.01614963054794
1.01614963054794
1.01614963054794
1.01614963054794
1.01614963054794
1.01614963054794
1.01614963054794
1.01614963054794
