0.296759644161026
0.481083518100904
0.605928393604396
0.677182526693759
0.708547737833532
0.725029221523728
0.743418480327196
0.761072224529403
0.778416978380634
0.795394159390054
0.812021632767269
0.828305009622587
0.844251662368852
0.859868514395104
0.875162392751613
0.890139975897537
0.904807805342694
0.919172287126274
0.933239694832345
0.947016172295399
0.960507736289062
0.973720279153017
0.98665957136657
0.999331264068849
1.0117408915269
1.02389387355271
1.03579551787034
1.04745102243393
1.05886547769796
1.07004386884043
1.08099107794007
1.09171188610862
1.10221097557888
1.11249293174967
1.12256224518848
1.13242331359266
1.14208044371011
1.15153785322019
1.16079967257579
1.16986994680728
1.1787526372891
1.18745162346991
1.19597070456686
1.20431360122495
1.2124839571419
1.22048534065957
1.22832124632238
1.23599509640355
1.24351024239972
1.2508699664947
1.25807748299298
1.26513593972349
1.27204841941444
1.27881794103963
1.28544746113704
1.29193987509998
1.29829801844172
1.30452466803381
1.31062254331892
1.31659430749847
1.32244256869583
1.32816988109534
1.33377874605788
1.33927161321326
1.34465088153017
1.3499189003638
1.355077970482
1.36013034507007
1.36507823071483
1.36992378836835
1.37466913429169
1.37931634097921
1.38386743806368
1.38832441320273
1.39268921294692
1.3969637435899
1.40114987200097
1.40524942644042
1.409264197358
1.41319593817488
