3.10230578032097
3.2014062271412
3.2483117877002
3.23633701931972
3.2585305599733
3.25261992215607
3.26312400838081
3.26021233143635
3.26518532079376
3.26375355794719
3.26610862049117
3.26540573279068
3.26652133939944
3.26617679309458
3.26670541048146
3.26653675166049
3.26678729999501
3.26670484489654
3.26682362925496
3.26678336542066
3.26683969578658
3.26682005586513
3.26684677604426
3.26683720574664
3.26684988365219
3.26684522454157
3.26685124133184
3.26684897512053
3.26685183132501
3.26685072993032
3.26685208611434
3.26685155123737
3.26685219533348
3.26685193576358
3.26685224173672
3.2668521158547
3.26685226123793
3.26685220022811
3.26685226932231
3.26685223977084
3.26685227261536
3.26685225830942
3.26685227392564
3.26685226700373
3.26685227443014
3.26685227108263
3.26685227461503
3.2668522729969
3.26685227467743
3.2668522738956
3.26685227469526
3.26685227431766
3.26685227469824
3.26685227451594
3.2668522746971
3.26685227460912
3.26685227469538
3.26685227465293
3.266852274694
3.26685227467354
3.2668522746931
3.26685227468323
3.26685227469255
3.26685227468779
3.26685227469223
3.26685227468994
3.26685227469205
3.26685227469095
3.26685227469196
3.26685227469143
3.26685227469191
3.26685227469165
3.26685227469188
3.26685227469176
3.26685227469187
3.26685227469181
3.26685227469186
3.26685227469183
3.26685227469185
3.26685227469184
