1.54151668973846
1.82956544273053
2.04340529890133
2.17297402799442
2.25337612316148
2.30247057408823
2.33250397883261
2.35085122395696
2.36206107103971
2.36890925784991
2.3730929167311
2.37564874870738
2.37721012896831
2.37816398902523
2.37874671002132
2.3791026990669
2.37932017570138
2.37945303396425
2.37953419816867
2.379583782048
2.37961407324728
2.37963257838979
2.37964388333339
2.37965078961632
2.37965500872131
2.37965758620721
2.37965916081452
2.37966012275506
2.37966071041245
2.37966106941717
2.3796612887361
2.37966142271984
2.37966150457161
2.37966155457553
2.37966158512333
2.37966160378524
2.37966161518595
2.37966162215073
2.37966162640558
2.3796616290049
2.37966163059285
2.37966163156294
2.37966163215557
2.37966163251762
2.37966163273879
2.37966163287391
2.37966163295646
2.37966163300689
2.37966163303769
2.37966163305651
2.37966163306801
2.37966163307503
2.37966163307932
2.37966163308195
2.37966163308355
2.37966163308453
2.37966163308512
2.37966163308549
2.37966163308571
2.37966163308585
2.37966163308593
2.37966163308598
2.37966163308601
2.37966163308603
2.37966163308604
2.37966163308605
2.37966163308606
2.37966163308606
2.37966163308606
2.37966163308606
2.37966163308606
2.37966163308606
2.37966163308606
2.37966163308606
2.37966163308606
2.37966163308606
2.37966163308606
2.37966163308606
2.37966163308606
2.37966163308606
