0.364967832152939
0.664521285846762
0.918682218406055
1.01807507905948
1.06713557423278
1.10575531436098
1.14023877854031
1.17647805640664
1.20563682419136
1.22714960288856
1.24252628706901
1.25342903778104
1.26179599861572
1.26836481953725
1.27353338692364
1.2775481702644
1.28059872127406
1.28290887709922
1.28466254549975
1.28600248874032
1.28703199351461
1.28782267457484
1.28842880837141
1.28889239405809
1.28924658494101
1.28951735407939
1.28972451915921
1.28988312388551
1.29000456046105
1.29009750987437
1.29016863470283
1.29022305192267
1.29026468849619
1.29029655010901
1.29032093353518
1.29033959422001
1.29035387473818
1.29036480278537
1.29037316524374
1.2903795644763
1.29038446146215
1.29038820890201
1.29039107665115
1.29039327120195
1.29039495057714
1.29039623571228
1.29039721915759
1.29039797173733
1.29039854764849
1.29039898836424
1.29039932562156
1.29039958370722
1.29039978120684
1.29039993234309
1.29040004799988
1.2904001365061
1.29040020423536
1.2904002560651
1.29040029572773
1.2904003260795
1.29040034930615
1.29040036708031
1.29040038068197
1.29040039109061
1.29040039905581
1.29040040515117
1.29040040981564
1.29040041338512
1.29040041611665
1.29040041820696
1.29040041980656
1.29040042103065
1.29040042196739
1.29040042268423
1.29040042323278
1.29040042365257
1.2904004239738
1.29040042421963
1.29040042440775
1.29040042455171
