0.091663284583791
0.147427299089329
0.182609038221511
0.199122699302951
0.203602740197642
0.203232764398178
0.20326331815771
0.203260794932615
0.203261003308441
0.203260986100113
0.203260987521231
0.203260987403871
0.203260987413563
0.203260987412762
0.203260987412828
0.203260987412823
0.203260987412823
0.203260987412823
0.203260987412823
0.203260987412823
0.203260987412823
0.203260987412823
0.203260987412823
0.203260987412823
0.203260987412823
0.203260987412823
0.203260987412823
0.203260987412823
0.203260987412823
0.203260987412823
0.203260987412823
0.203260987412823
0.203260987412823
0.203260987412823
0.203260987412823
0.203260987412823
0.203260987412823
0.203260987412823
0.203260987412823
0.203260987412823
0.203260987412823
0.203260987412823
0.203260987412823
0.203260987412823
0.203260987412823
0.203260987412823
0.203260987412823
0.203260987412823
0.203260987412823
0.203260987412823
0.203260987412823
0.203260987412823
0.203260987412823
0.203260987412823
0.203260987412823
0.203260987412823
0.203260987412823
0.203260987412823
0.203260987412823
0.203260987412823
0.203260987412823
0.203260987412823
0.203260987412823
0.203260987412823
0.203260987412823
0.203260987412823
0.203260987412823
0.203260987412823
0.203260987412823
0.203260987412823
0.203260987412823
0.203260987412823
0.203260987412823
0.203260987412823
0.203260987412823
0.203260987412823
0.203260987412823
0.203260987412823
0.203260987412823
0.203260987412823
