1.34715232568059
1.5276068845343
1.63076385821312
1.68973361373588
1.72344371536451
1.7427141183319
1.75373005754848
1.76002732683905
1.76362716519493
1.76568501528686
1.76686138671863
1.76753386026318
1.76791828023116
1.76813803417237
1.76826365666522
1.76833546885035
1.76837652033577
1.76839998744587
1.76841340243563
1.76842107112383
1.76842545493475
1.76842796094331
1.76842939350483
1.76843021242962
1.76843068056855
1.76843094818049
1.76843110116104
1.76843118861248
1.76843123860415
1.76843126718193
1.76843128351844
1.76843129285721
1.76843129819573
1.76843130124749
1.76843130299204
1.76843130398931
1.7684313045594
1.76843130488529
1.76843130507159
1.76843130517809
1.76843130523896
1.76843130527377
1.76843130529366
1.76843130530503
1.76843130531153
1.76843130531525
1.76843130531737
1.76843130531859
1.76843130531928
1.76843130531968
1.76843130531991
1.76843130532004
1.76843130532011
1.76843130532015
1.76843130532018
1.76843130532019
1.7684313053202
1.7684313053202
1.76843130532021
1.76843130532021
1.76843130532021
1.76843130532021
1.76843130532021
1.76843130532021
1.76843130532021
1.76843130532021
1.76843130532021
1.76843130532021
1.76843130532021
1.76843130532021
1.76843130532021
1.76843130532021
1.76843130532021
1.76843130532021
1.76843130532021
1.76843130532021
1.76843130532021
1.76843130532021
1.76843130532021
1.76843130532021
