2.12745475159336
2.55617601683583
2.86934247864746
3.33265614124955
3.73638020220366
3.93438487083763
4.03223230263546
4.07792384885286
4.0756233937456
4.03426704286829
3.97081374646872
3.89742807372681
3.82138728684304
3.74803041063049
3.68127109693913
3.62335873129775
3.57519656111422
3.53679593311625
3.50756612588491
3.48651764290408
3.47244528682158
3.46407597381892
3.46017121342889
3.45959381736263
3.46134832469895
3.46460031946906
3.4686793784238
3.47307062456225
3.47739908638426
3.48141006746153
3.48494797785952
3.48793544882662
3.49035397232401
3.49222681805858
3.49360460222989
3.49455359977915
3.49514668987134
3.4954566913975
3.4955517692871
3.49549256033568
3.49533066730391
3.49510819229894
3.4948580166545
3.49460457805374
3.4943649414513
3.49415000483905
3.4939657216596
3.49381425727572
3.49369502669709
3.49360558466253
3.49354235749162
3.49350121942556
3.4934779251834
3.49346841593061
3.49346901854105
3.49347655862645
3.49348840691916
3.49350247674098
3.49351718788905
3.49353140964225
3.49354439297388
3.49355569961195
3.49356513341829
3.49357267771364
3.49357844067453
3.49358260975698
3.49358541523421
3.49358710233118
3.49358791105455
3.493588062609
3.49358775121752
3.49358714018759
3.49358636115577
3.49358551557256
3.49358467763873
3.49358389805701
3.49358320810848
3.49358262369492
3.49358214910148
3.49358178032819
3.493581507913
3.49358131922512
3.49358120024794
3.49358113689659
3.49358111593129
3.49358112553387
3.49358115561538
3.49358119791887
3.49358124597413
3.49358129495338
3.49358134146768
3.4935813833353
3.49358141934549
3.49358144903405
3.49358147248115
3.49358149013745
3.49358150268062
3.49358151090201
3.4935815156213
3.49358151762573
3.49358151763038
3.49358151625517
3.49358151401519
3.49358151132053
3.49358150848289
3.49358150572635
3.49358150320036
3.49358150099341
3.49358149914634
3.49358149766453
3.49358149652854
3.49358149570308
3.49358149514412
3.49358149480441
3.49358149463747
3.49358149460028
3.49358149465496
3.49358149476955
3.49358149491821
3.49358149508096
3.49358149524312
3.4935814953946
3.49358149552912
3.49358149564342
3.49358149573652
3.49358149580912
3.49358149586296
3.49358149590046
3.49358149592431
3.49358149593723
3.49358149594179
3.4935814959403
3.49358149593473
3.49358149592669
3.49358149591747
3.493581495908
3.49358149589898
3.49358149589082
3.49358149588379
3.49358149587797
3.49358149587336
3.49358149586988
3.49358149586739
3.49358149586575
3.49358149586479
3.49358149586437
3.49358149586435
3.4935814958646
3.49358149586502
3.49358149586554
3.49358149586608
3.49358149586662
3.49358149586711
3.49358149586754
3.4935814958679
3.49358149586819
3.49358149586842
3.49358149586858
3.49358149586869
3.49358149586876
3.49358149586879
3.4935814958688
3.49358149586879
3.49358149586877
3.49358149586874
3.49358149586871
3.49358149586868
3.49358149586865
3.49358149586862
3.4935814958686
3.49358149586858
3.49358149586857
3.49358149586856
3.49358149586855
3.49358149586855
3.49358149586854
3.49358149586854
3.49358149586854
3.49358149586854
3.49358149586855
3.49358149586855
3.49358149586855
3.49358149586855
3.49358149586855
3.49358149586855
3.49358149586855
3.49358149586856
3.49358149586856
3.49358149586856
3.49358149586856
3.49358149586856
3.49358149586856
3.49358149586856
3.49358149586856
3.49358149586856
3.49358149586856
3.49358149586856
3.49358149586856
3.49358149586856
3.49358149586856
3.49358149586856
3.49358149586856
3.49358149586856
3.49358149586856
3.49358149586856
3.49358149586856
3.49358149586856
3.49358149586856
3.49358149586856
3.49358149586856
3.49358149586856
3.49358149586856
3.49358149586856
3.49358149586856
3.49358149586856
3.49358149586856
3.49358149586856
3.49358149586856
3.49358149586856
3.49358149586856
3.49358149586856
3.49358149586856
3.49358149586856
3.49358149586856
3.49358149586856
3.49358149586856
3.49358149586856
3.49358149586856
3.49358149586856
3.49358149586856
3.49358149586856
3.49358149586856
3.49358149586856
3.49358149586856
3.49358149586856
3.49358149586856
3.49358149586856
3.49358149586856
3.49358149586856
3.49358149586856
