-0.0444815843199118
0.36179399967184
0.584992074099257
0.701345960744094
0.762603856611959
0.794793861253127
0.811715290925243
0.820609821880136
0.825285178950029
0.827742746264784
0.829034549207261
0.829713576259067
0.830070502017669
0.830258117513084
0.830356736268648
0.83040857451861
0.83043582292733
0.830450145860268
0.830457674608461
0.830461632041594
0.830463712238274
0.830464805678917
0.830465380438242
0.830465682556408
0.83046584136268
0.830465924838072
0.83046596871632
0.830465991780611
0.830466003904191
0.830466010276866
0.830466013626617
0.830466015387389
0.830466016312927
0.83046601679943
0.830466017055156
0.830466017189577
0.830466017260234
0.830466017297375
0.830466017316898
0.830466017327159
0.830466017332554
0.830466017335389
0.830466017336879
0.830466017337663
0.830466017338074
0.830466017338291
0.830466017338405
0.830466017338465
0.830466017338496
0.830466017338513
0.830466017338521
0.830466017338526
0.830466017338528
0.830466017338529
0.83046601733853
0.83046601733853
0.830466017338531
0.830466017338531
0.830466017338531
0.830466017338531
0.830466017338531
0.830466017338531
0.830466017338531
0.830466017338531
0.830466017338531
0.830466017338531
0.830466017338531
0.830466017338531
0.830466017338531
0.830466017338531
0.830466017338531
0.830466017338531
0.830466017338531
0.830466017338531
0.830466017338531
0.830466017338531
0.830466017338531
0.830466017338531
0.830466017338531
0.830466017338531
0.830466017338531
0.830466017338531
0.830466017338531
0.830466017338531
0.830466017338531
0.830466017338531
0.830466017338531
0.830466017338531
0.830466017338531
0.830466017338531
0.830466017338531
0.830466017338531
0.830466017338531
0.830466017338531
0.830466017338531
0.830466017338531
0.830466017338531
0.830466017338531
0.830466017338531
0.830466017338531
0.830466017338531
0.830466017338531
0.830466017338531
0.830466017338531
0.830466017338531
0.830466017338531
0.830466017338531
0.830466017338531
0.830466017338531
0.830466017338531
0.830466017338531
0.830466017338531
0.830466017338531
0.830466017338531
0.830466017338531
0.830466017338531
0.830466017338531
0.830466017338531
0.830466017338531
0.830466017338531
0.830466017338531
0.830466017338531
0.830466017338531
0.830466017338531
0.830466017338531
0.830466017338531
0.830466017338531
0.830466017338531
0.830466017338531
0.830466017338531
0.830466017338531
0.830466017338531
0.830466017338531
0.830466017338531
0.830466017338531
0.830466017338531
0.830466017338531
0.830466017338531
0.830466017338531
0.830466017338531
0.830466017338531
0.830466017338531
0.830466017338531
0.830466017338531
0.830466017338531
0.830466017338531
0.830466017338531
0.830466017338531
0.830466017338531
0.830466017338531
0.830466017338531
0.830466017338531
0.830466017338531
0.830466017338531
0.830466017338531
0.830466017338531
0.830466017338531
0.830466017338531
0.830466017338531
0.830466017338531
0.830466017338531
0.830466017338531
0.830466017338531
0.830466017338531
0.830466017338531
0.830466017338531
0.830466017338531
0.830466017338531
0.830466017338531
0.830466017338531
0.830466017338531
0.830466017338531
0.830466017338531
0.830466017338531
0.830466017338531
0.830466017338531
0.830466017338531
0.830466017338531
0.830466017338531
0.830466017338531
0.830466017338531
0.830466017338531
0.830466017338531
0.830466017338531
0.830466017338531
0.830466017338531
0.830466017338531
0.830466017338531
0.830466017338531
0.830466017338531
0.830466017338531
0.830466017338531
0.830466017338531
0.830466017338531
0.830466017338531
0.830466017338531
0.830466017338531
0.830466017338531
0.830466017338531
0.830466017338531
0.830466017338531
0.830466017338531
0.830466017338531
0.830466017338531
0.830466017338531
0.830466017338531
0.830466017338531
0.830466017338531
0.830466017338531
0.830466017338531
0.830466017338531
0.830466017338531
0.830466017338531
0.830466017338531
0.830466017338531
0.830466017338531
0.830466017338531
0.830466017338531
0.830466017338531
0.830466017338531
0.830466017338531
0.830466017338531
0.830466017338531
0.830466017338531
0.830466017338531
0.830466017338531
0.830466017338531
0.830466017338531
0.830466017338531
0.830466017338531
0.830466017338531
0.830466017338531
0.830466017338531
0.830466017338531
0.830466017338531
0.830466017338531
0.830466017338531
0.830466017338531
0.830466017338531
0.830466017338531
