7.8560007239265
8.55341903246593
9.16193201373926
9.66095400375879
10.039287373096
10.2942968657222
10.4307281927693
10.459292940102
10.3951360940159
10.2562910542264
10.0622114166206
9.83245059619326
9.58554096060102
9.3381048381264
9.10421162742933
8.89497911372369
8.71840358548629
8.57939280537125
8.47996845303503
8.41960026407823
8.39563251392046
8.40376438933882
8.4385487194164
8.49387801998555
8.56343234657496
8.64106957267432
8.72114497649456
8.79875305362585
8.86988997003326
8.93153980239805
8.98169153215778
9.01929659170468
9.04417859936131
9.05690781448937
9.05865289140474
9.05102183966421
9.03590285831762
9.01531406136836
8.99126920801094
8.96566454119252
8.94018985182611
8.91626503214961
8.89500174450483
8.87718847010047
8.86329615029249
8.85350090192011
8.84771986971733
8.84565614788742
8.84684882229781
8.8507245087882
8.8566472416661
8.8639641485263
8.87204498409013
8.88031424236535
8.88827518496484
8.89552568328554
8.90176625090779
8.90680102558594
8.9105327407743
8.91295290482405
8.91412848762974
8.91418640998549
8.91329705387331
8.91165787797162
8.90947804825268
8.90696479478416
8.90431199777762
8.9016913017473
8.89924586729209
8.89708670389295
8.89529139000821
8.89390488189396
8.89294204089131
8.89239146930621
8.89222023471658
8.89237907760177
8.89280773281033
8.89344004635518
8.89420863008402
8.89504886289851
8.89590211386263
8.8967181258964
8.89745655572831
8.89808771414903
8.89859258897276
8.89896226085745
8.89919683934216
8.8993040537936
8.89929763253437
8.89919559469215
8.89901856489285
8.89878820251892
8.8985258165265
8.89825121529488
8.89798182000812
8.89773205074346
8.89751297759904
8.89733221540241
8.89719403010549
8.8970996179609
8.89704751485173
8.89703409241283
8.89705409941252
8.89710121075806
8.89716855190498
8.89724917284695
8.89733645272541
8.89742442296624
8.89750800333546
8.89758315109974
8.89764692836116
8.89769749647324
8.8977340491839
8.89775669780478
8.89776632235248
8.89776440236369
8.89775284010641
8.89773378736267
8.89770948501985
8.89768212254826
8.89765372221902
8.89762605076339
8.89760055920368
8.89757834988001
8.89756016831132
8.89754641649215
8.89753718354288
8.89753228928452
8.89753133626661
8.89753376599369
8.89753891551942
8.89754607115212
8.89755451668434
8.8975635742711
8.89757263678796
8.89758119116367
8.89758883277063
8.89759527144914
8.89760033012471
8.89760393724754
8.89760611444131
8.89760696080402
8.89760663526836
8.89760533832046
8.89760329421
8.89760073458108
8.89759788422847
8.89759494945411
8.89759210927821
8.89758950955804
8.89758725989535
8.89758543307371
8.89758406666474
8.89758316637514
8.89758271067516
8.89758265624754
8.89758294382143
8.89758350400181
8.89758426276542
8.8975851463644
8.89758608545251
8.89758701832138
8.8975878932021
8.89758866964747
8.8975893190593
8.89758982446409
8.8975901796663
8.89759038792402
8.89759046029589
8.89759041380396
8.89759026954489
8.89759005086419
8.89758978168719
8.89758948507633
8.89758918206161
8.89758889076748
8.89758862583975
8.89758839815815
8.89758821480644
8.89758807926175
8.89758799175844
8.89758794977866
8.89758794862232
8.89758798201185
8.89758804269218
8.89758812299273
8.89758821532562
8.89758831260173
8.89758840855398
8.89758849796387
8.89758857679357
8.89758864223072
8.89758869265701
8.89758872755415
8.89758874736224
8.89758875330599
8.89758874720356
8.8975887312716
8.897588707938
8.89758867967186
8.89758864883744
8.89758861757687
8.89758858772352
8.89758856074636
8.89758853772353
8.89758851934211
8.89758850592004
8.89758849744551
8.89758849362888
8.89758849396216
8.89758849778174
8.89758850433
8.8975885128128
8.89758852245003
8.89758853251753
8.89758854237933
8.8975885515099
8.8975885595067
8.89758856609382
8.89758857111794
8.89758857453788
8.89758857640957
8.89758857686775
8.89758857610616
8.89758857435736
8.8975885718736
8.89758856890948
8.89758856570721
8.89758856248481
8.89758855942756
8.89758855668264
8.89758855435669
8.8975885525161
8.8975885511895
8.89758855037202
8.89758855003078
8.89758855011106
8.89758855054284
8.8975885512471
8.89758855214168
