-0.435207285104676
0.209411938585285
0.394990499532062
0.507360304063357
0.597097090929358
0.658004585089824
0.69815810142064
0.725138770971947
0.743329712501807
0.755564276227206
0.763789618786306
0.769321282269801
0.773041569148867
0.775543525678388
0.777226126073198
0.77835770386977
0.779118709863826
0.779630499466027
0.77997468674475
0.780206158607345
0.780361827415567
0.780466517365059
0.780536923155684
0.780584272260198
0.780616115346944
0.780637530370179
0.780651932341441
0.780661617914692
0.780668131629203
0.780672512214187
0.780675458232892
0.780677439481116
0.780678771904605
0.780679667982306
0.780680270609964
0.780680675887424
0.780680948443482
0.780681131742117
0.7806812550136
0.780681337915791
0.78068139366894
0.780681431163891
0.78068145637989
0.780681473338083
0.780681484742759
0.7806814924126
0.7806814975707
0.78068150103961
0.780681503372513
0.780681504941429
0.780681505996553
0.780681506706142
0.780681507183352
0.780681507504284
0.780681507720117
0.780681507865268
0.780681507962885
0.780681508028533
0.780681508072683
0.780681508102375
0.780681508122343
0.780681508135772
0.780681508144803
0.780681508150877
0.780681508154962
0.780681508157709
0.780681508159556
0.780681508160798
0.780681508161634
0.780681508162196
0.780681508162574
0.780681508162828
0.780681508162999
0.780681508163114
0.780681508163191
0.780681508163243
0.780681508163278
0.780681508163301
0.780681508163317
0.780681508163328
0.780681508163335
0.78068150816334
0.780681508163343
0.780681508163345
0.780681508163347
0.780681508163348
0.780681508163348
0.780681508163349
0.780681508163349
0.780681508163349
0.780681508163349
0.780681508163349
0.78068150816335
0.78068150816335
0.78068150816335
0.78068150816335
0.78068150816335
0.78068150816335
0.78068150816335
0.78068150816335
0.78068150816335
0.78068150816335
0.78068150816335
0.78068150816335
0.78068150816335
0.78068150816335
0.78068150816335
0.78068150816335
0.78068150816335
0.78068150816335
0.78068150816335
0.78068150816335
0.78068150816335
0.78068150816335
0.78068150816335
0.78068150816335
0.78068150816335
0.78068150816335
0.78068150816335
0.78068150816335
0.78068150816335
0.78068150816335
0.78068150816335
0.78068150816335
0.78068150816335
0.78068150816335
0.78068150816335
0.78068150816335
0.78068150816335
0.78068150816335
0.78068150816335
0.78068150816335
0.78068150816335
0.78068150816335
0.78068150816335
0.78068150816335
0.78068150816335
0.78068150816335
0.78068150816335
0.78068150816335
0.78068150816335
0.78068150816335
0.78068150816335
0.78068150816335
0.78068150816335
0.78068150816335
0.78068150816335
0.78068150816335
0.78068150816335
0.78068150816335
0.78068150816335
0.78068150816335
0.78068150816335
0.78068150816335
0.78068150816335
0.78068150816335
0.78068150816335
0.78068150816335
0.78068150816335
0.78068150816335
0.78068150816335
0.78068150816335
0.78068150816335
0.78068150816335
0.78068150816335
0.78068150816335
0.78068150816335
0.78068150816335
0.78068150816335
0.78068150816335
0.78068150816335
0.78068150816335
0.78068150816335
0.78068150816335
0.78068150816335
0.78068150816335
0.78068150816335
0.78068150816335
0.78068150816335
0.78068150816335
0.78068150816335
0.78068150816335
0.78068150816335
0.78068150816335
0.78068150816335
0.78068150816335
0.78068150816335
0.78068150816335
0.78068150816335
0.78068150816335
0.78068150816335
0.78068150816335
0.78068150816335
0.78068150816335
0.78068150816335
0.78068150816335
0.78068150816335
0.78068150816335
0.78068150816335
0.78068150816335
0.78068150816335
0.78068150816335
0.78068150816335
0.78068150816335
0.78068150816335
0.78068150816335
0.78068150816335
0.78068150816335
0.78068150816335
0.78068150816335
0.78068150816335
0.78068150816335
0.78068150816335
0.78068150816335
0.78068150816335
0.78068150816335
0.78068150816335
0.78068150816335
0.78068150816335
0.78068150816335
0.78068150816335
0.78068150816335
0.78068150816335
0.78068150816335
0.78068150816335
0.78068150816335
0.78068150816335
0.78068150816335
0.78068150816335
0.78068150816335
0.78068150816335
0.78068150816335
0.78068150816335
0.78068150816335
0.78068150816335
0.78068150816335
0.78068150816335
0.78068150816335
0.78068150816335
0.78068150816335
