9.29088074792484
8.76944213293678
8.12938532789064
7.69366339526302
7.37664514944175
7.14813615082292
6.98321439705552
6.86420638283013
6.77832778078125
6.71635624170409
6.6716364475299
6.63936582951065
6.61607876355822
6.59927439248272
6.58714805214144
6.57839746401121
6.57208288018211
6.56752616144032
6.56423795017356
6.56186511701278
6.56015283737132
6.55891722518458
6.55802558491797
6.55738216105604
6.55691785467419
6.55658280272946
6.55634102314155
6.55616655058573
6.55604064801059
6.55594979441844
6.55588423281101
6.55583692236056
6.55580278227753
6.55577814617159
6.55576036830868
6.55574753947889
6.55573828196158
6.55573160156841
6.55572678087499
6.55572330217478
6.55572079188133
6.55571898040784
6.55571767321557
6.5557167299218
6.55571604922384
6.55571555801978
6.55571520355799
6.5557149477719
6.55571476319199
6.55571462999577
6.55571453387895
6.55571446451931
6.55571441446812
6.55571437835027
6.55571435228697
6.55571433347922
6.55571431990721
6.5557143101134
6.555714303046
6.55571429794604
6.55571429426582
6.5557142916101
6.55571428969369
6.55571428831077
6.55571428731283
6.5557142865927
6.55571428607304
6.55571428569804
6.55571428542744
6.55571428523217
6.55571428509125
6.55571428498957
6.55571428491619
6.55571428486324
6.55571428482503
6.55571428479746
6.55571428477756
6.5557142847632
6.55571428475284
6.55571428474536
6.55571428473997
6.55571428473607
6.55571428473326
6.55571428473124
6.55571428472977
6.55571428472872
6.55571428472796
6.55571428472741
6.55571428472701
6.55571428472672
6.55571428472652
6.55571428472637
6.55571428472626
6.55571428472618
6.55571428472613
6.55571428472608
6.55571428472606
6.55571428472603
6.55571428472602
6.55571428472601
6.555714284726
6.55571428472599
6.55571428472599
6.55571428472599
6.55571428472599
6.55571428472598
6.55571428472598
6.55571428472598
6.55571428472598
6.55571428472598
6.55571428472598
6.55571428472598
6.55571428472598
6.55571428472598
6.55571428472598
6.55571428472598
6.55571428472598
6.55571428472598
6.55571428472598
6.55571428472598
6.55571428472598
6.55571428472598
6.55571428472598
6.55571428472598
6.55571428472598
6.55571428472598
6.55571428472598
6.55571428472598
6.55571428472598
6.55571428472598
6.55571428472598
6.55571428472598
6.55571428472598
6.55571428472598
6.55571428472598
6.55571428472598
6.55571428472598
6.55571428472598
6.55571428472598
6.55571428472598
6.55571428472598
6.55571428472598
6.55571428472598
6.55571428472598
6.55571428472598
6.55571428472598
6.55571428472598
6.55571428472598
6.55571428472598
6.55571428472598
6.55571428472598
6.55571428472598
6.55571428472598
6.55571428472598
6.55571428472598
6.55571428472598
6.55571428472598
6.55571428472598
6.55571428472598
6.55571428472598
6.55571428472598
6.55571428472598
6.55571428472598
6.55571428472598
6.55571428472598
6.55571428472598
6.55571428472598
6.55571428472598
6.55571428472598
6.55571428472598
6.55571428472598
6.55571428472598
6.55571428472598
6.55571428472598
6.55571428472598
6.55571428472598
6.55571428472598
6.55571428472598
6.55571428472598
6.55571428472598
6.55571428472598
6.55571428472598
6.55571428472598
6.55571428472598
6.55571428472598
6.55571428472598
6.55571428472598
6.55571428472598
6.55571428472598
6.55571428472598
6.55571428472598
6.55571428472598
6.55571428472598
6.55571428472598
6.55571428472598
6.55571428472598
6.55571428472598
6.55571428472598
6.55571428472598
6.55571428472598
6.55571428472598
6.55571428472598
6.55571428472598
6.55571428472598
6.55571428472598
6.55571428472598
6.55571428472598
6.55571428472598
6.55571428472598
6.55571428472598
6.55571428472598
6.55571428472598
6.55571428472598
6.55571428472598
6.55571428472598
6.55571428472598
6.55571428472598
6.55571428472598
6.55571428472598
6.55571428472598
6.55571428472598
6.55571428472598
6.55571428472598
6.55571428472598
6.55571428472598
6.55571428472598
6.55571428472598
6.55571428472598
6.55571428472598
6.55571428472598
6.55571428472598
6.55571428472598
6.55571428472598
6.55571428472598
6.55571428472598
6.55571428472598
6.55571428472598
6.55571428472598
6.55571428472598
6.55571428472598
