3.50356136553082
1.17194140682661
1.36045743007634
1.34808897920465
1.30274871238852
1.26531995734468
1.23442221892128
1.20891588726365
1.18786020526795
1.17047857037607
1.15612989092812
1.1442849406009
1.13450683880671
1.12643493710545
1.11977151730822
1.11427081065477
1.10972993305616
1.10598140206468
1.10288695957225
1.10033247239826
1.0982237226839
1.09648293282866
1.09504589679755
1.09385961199213
1.09288032434096
1.09207191450601
1.09140456568316
1.09085366386072
1.09039888997398
1.09002347047158
1.08971355865189
1.08945772395133
1.08924653034769
1.08907218832872
1.08892826758938
1.08880945986113
1.08871138312559
1.08863041999132
1.08856358427259
1.08850841084905
1.08846286474401
1.08842526606787
1.0883942280582
1.08836860593151
1.08834745465978
1.08832999411479
1.08831558029442
1.08830368156975
1.08829385907679
1.08828575052983
1.08827905685908
1.08827353118001
1.08826896968749
1.08826520413871
1.0882620956479
1.08825952956373
1.0882574112406
1.08825566254781
1.08825421898784
1.08825302731748
1.088252043584
1.0882512315041
1.08825056112561
1.08825000772278
1.08824955088428
1.08824917376043
1.08824886244166
1.0882486054455
1.08824839329311
1.08824821815961
1.08824807358549
1.08824795423839
1.0882478557164
1.0882477743857
1.08824770724656
1.08824765182266
1.08824760606978
1.08824756830041
1.08824753712149
1.08824751138305
1.08824749013575
1.08824747259594
1.08824745811668
1.08824744616394
1.08824743629685
1.08824742815149
1.08824742142744
1.08824741587667
1.08824741129447
1.08824740751183
1.08824740438922
1.08824740181149
1.08824739968355
1.08824739792692
1.0882473964768
1.08824739527972
1.08824739429152
1.08824739347576
1.08824739280234
1.08824739224642
1.08824739178751
1.08824739140867
1.08824739109594
1.08824739083778
1.08824739062466
1.08824739044873
1.0882473903035
1.08824739018361
1.08824739008464
1.08824739000294
1.0882473899355
1.08824738987982
1.08824738983386
1.08824738979592
1.0882473897646
1.08824738973875
1.0882473897174
1.08824738969978
1.08824738968524
1.08824738967323
1.08824738966332
1.08824738965514
1.08824738964838
1.08824738964281
1.0882473896382
1.0882473896344
1.08824738963127
1.08824738962868
1.08824738962654
1.08824738962478
1.08824738962332
1.08824738962212
1.08824738962112
1.0882473896203
1.08824738961963
1.08824738961907
1.08824738961861
1.08824738961823
1.08824738961791
1.08824738961765
1.08824738961744
1.08824738961726
1.08824738961712
1.088247389617
1.0882473896169
1.08824738961682
1.08824738961675
1.08824738961669
1.08824738961665
1.08824738961661
1.08824738961658
1.08824738961655
1.08824738961653
1.08824738961651
1.0882473896165
1.08824738961648
1.08824738961647
1.08824738961647
1.08824738961646
1.08824738961645
1.08824738961645
1.08824738961644
1.08824738961644
1.08824738961644
1.08824738961644
1.08824738961644
1.08824738961643
1.08824738961643
1.08824738961643
1.08824738961643
1.08824738961643
1.08824738961643
1.08824738961643
1.08824738961643
1.08824738961643
1.08824738961643
1.08824738961643
1.08824738961643
1.08824738961643
1.08824738961643
1.08824738961643
1.08824738961643
1.08824738961643
1.08824738961643
1.08824738961643
1.08824738961643
1.08824738961643
1.08824738961643
1.08824738961643
1.08824738961643
1.08824738961643
1.08824738961643
1.08824738961643
1.08824738961643
1.08824738961643
1.08824738961643
1.08824738961643
1.08824738961643
1.08824738961643
1.08824738961643
1.08824738961643
1.08824738961643
1.08824738961643
1.08824738961643
1.08824738961643
1.08824738961643
1.08824738961643
1.08824738961643
1.08824738961643
1.08824738961643
1.08824738961643
1.08824738961643
1.08824738961643
1.08824738961643
1.08824738961643
1.08824738961643
1.08824738961643
1.08824738961643
1.08824738961643
1.08824738961643
1.08824738961643
1.08824738961643
1.08824738961643
1.08824738961643
1.08824738961643
1.08824738961643
1.08824738961643
1.08824738961643
1.08824738961643
1.08824738961643
1.08824738961643
1.08824738961643
1.08824738961643
1.08824738961643
1.08824738961643
1.08824738961643
1.08824738961643
1.08824738961643
1.08824738961643
1.08824738961643
