-0.14456428059812
0.332831744925585
0.697089317745836
0.973150966550653
1.18239729308011
1.34099927107973
1.46121446876882
1.55233372166928
1.62139918434676
1.67374858343659
1.71342774403041
1.74350327140616
1.76629955372142
1.78357840243135
1.79667521394702
1.80660217579247
1.81412649355204
1.81982968438005
1.82415251957389
1.82742908959874
1.82991262428058
1.83179506368188
1.83322189219589
1.8343033823129
1.83512311703344
1.83574444958331
1.83621539966979
1.83657236468635
1.83684293268646
1.83704801452721
1.83720345996566
1.83732128260782
1.83741058838058
1.83747827928365
1.83752958681078
1.83756847626593
1.83759795322199
1.8376202958065
1.83763723076686
1.83765006692208
1.83765979631483
1.83766717088157
1.83767276056595
1.8376769973669
1.83768020872574
1.83768264283244
1.83768448780702
1.8376858862384
1.83768694620441
1.83768774962455
1.83768835859117
1.83768882016828
1.83768917002888
1.83768943521196
1.83768963621221
1.83768978856393
1.83768990404163
1.83768999157002
1.83769005791372
1.83769010820011
1.83769014631558
1.83769017520587
1.83769019710379
1.83769021370171
1.83769022628239
1.83769023581815
1.83769024304595
1.83769024852438
1.83769025267686
1.83769025582431
1.83769025820997
1.83769026001823
1.83769026138882
1.83769026242769
1.83769026321513
1.83769026381197
1.83769026426436
1.83769026460726
1.83769026486717
1.83769026506417
1.83769026521349
1.83769026532666
1.83769026541245
1.83769026547747
1.83769026552676
1.83769026556412
1.83769026559243
1.83769026561389
1.83769026563016
1.83769026564249
1.83769026565184
1.83769026565892
1.83769026566429
1.83769026566836
1.83769026567145
1.83769026567378
1.83769026567556
1.8376902656769
1.83769026567792
1.83769026567869
1.83769026567928
1.83769026567972
1.83769026568005
1.83769026568031
1.8376902656805
1.83769026568065
1.83769026568076
1.83769026568084
1.83769026568091
1.83769026568096
1.83769026568099
1.83769026568102
1.83769026568104
1.83769026568106
1.83769026568107
1.83769026568108
1.83769026568109
1.83769026568109
1.8376902656811
1.8376902656811
1.8376902656811
1.8376902656811
1.8376902656811
1.8376902656811
1.83769026568111
1.83769026568111
1.83769026568111
1.83769026568111
1.83769026568111
1.83769026568111
1.83769026568111
1.83769026568111
1.83769026568111
1.83769026568111
1.83769026568111
1.83769026568111
1.83769026568111
1.83769026568111
1.83769026568111
1.83769026568111
1.83769026568111
1.83769026568111
1.83769026568111
1.83769026568111
1.83769026568111
1.83769026568111
1.83769026568111
1.83769026568111
1.83769026568111
1.83769026568111
1.83769026568111
1.83769026568111
1.83769026568111
1.83769026568111
1.83769026568111
1.83769026568111
1.83769026568111
1.83769026568111
1.83769026568111
1.83769026568111
1.83769026568111
1.83769026568111
1.83769026568111
1.83769026568111
1.83769026568111
1.83769026568111
1.83769026568111
1.83769026568111
1.83769026568111
1.83769026568111
1.83769026568111
1.83769026568111
1.83769026568111
1.83769026568111
1.83769026568111
1.83769026568111
1.83769026568111
1.83769026568111
1.83769026568111
1.83769026568111
1.83769026568111
1.83769026568111
1.83769026568111
1.83769026568111
1.83769026568111
1.83769026568111
1.83769026568111
1.83769026568111
1.83769026568111
1.83769026568111
1.83769026568111
1.83769026568111
1.83769026568111
1.83769026568111
1.83769026568111
1.83769026568111
1.83769026568111
1.83769026568111
1.83769026568111
1.83769026568111
1.83769026568111
1.83769026568111
1.83769026568111
1.83769026568111
1.83769026568111
1.83769026568111
1.83769026568111
1.83769026568111
1.83769026568111
1.83769026568111
1.83769026568111
1.83769026568111
1.83769026568111
1.83769026568111
1.83769026568111
1.83769026568111
1.83769026568111
1.83769026568111
1.83769026568111
1.83769026568111
1.83769026568111
1.83769026568111
1.83769026568111
1.83769026568111
1.83769026568111
1.83769026568111
1.83769026568111
1.83769026568111
1.83769026568111
1.83769026568111
1.83769026568111
1.83769026568111
1.83769026568111
1.83769026568111
1.83769026568111
1.83769026568111
1.83769026568111
1.83769026568111
1.83769026568111
1.83769026568111
