3.0
1.0
2.108695652173913
2.021276595744681
2.392857142857143
2.8727272727272726
3.0
2.6538461538461537
3.0
3.6
3.642857142857143
4.875
4.4
5.0
1.0
2.0
2.0
0.0
0.0
2.0
2.0
2.783132530120482
2.789473684210526
2.0833333333333335
3.5172413793103448
4.611111111111111
5.0
4.0
4.0
4.7025495750708215
4.100346020761246
4.187134502923977
4.768856447688565
4.60625
3.8679245283018866
3.9233954451345756
3.3821656050955413
3.946843853820598
4.606936416184971
4.8538461538461535
4.333333333333333
4.091346153846154
4.390243902439025
4.669902912621359
4.803571428571429
4.614678899082569
4.0285714285714285
4.191780821917808
4.75
5.368852459016393
5.222222222222222
3.8688524590163933
4.2
5.137931034482759
4.1192660550458715
4.886363636363637
4.655913978494624
5.6
5.625
4.608391608391608
4.6397515527950315
3.5442764578833694
4.133333333333334
3.5238095238095237
5.333333333333333
3.9525862068965516
4.427777777777778
4.5607476635514015
4.044776119402985
4.536842105263158
3.9362606232294617
3.9790356394129978
3.4464
3.982608695652174
4.651515151515151
3.2096774193548385
3.5660377358490565
3.5833333333333335
3.4761904761904763
4.30188679245283