3.3
1.7162162162162162
2.0
1.5984251968503937
2.19672131147541
2.532258064516129
2.393939393939394
2.0
1.6130952380952381
2.9516129032258065
2.7777777777777777
2.80327868852459
2.806451612903226
2.7933333333333334
2.0475184794086587
2.7195121951219514
2.8421052631578947
2.28125
1.6666666666666667
2.0
0.0
1.125
1.2608695652173914
2.111111111111111
1.8
1.0
0.6
0.8695652173913043
0.6153846153846154
2.0
2.0
0.5294117647058824
0.6666666666666666
0.9259259259259259
1.2802547770700636
1.6296296296296295
1.647887323943662
1.5705128205128205
2.0860655737704916
1.7758620689655173
1.9101123595505618
1.7786259541984732
1.476923076923077
2.048780487804878
1.8157894736842106
1.6666666666666667
2.6
1.5890410958904109
1.6845238095238095
2.118811881188119
2.080808080808081
2.3333333333333335
1.8133333333333332
1.9807692307692308
1.8867924528301887
1.5575221238938053
1.5892857142857142
2.712418300653595
2.430379746835443
2.6530612244897958
3.210526315789474
3.3617021276595747
1.4166666666666667
1.6956521739130435
1.8
3.1666666666666665
4.0
3.2222222222222223
2.0405405405405403
2.007042253521127
1.471698113207547
2.3454545454545452
3.4
1.7169811320754718
1.7358490566037736
1.7563025210084033
1.425
1.7543859649122806
1.6428571428571428
1.735632183908046