0.9402985074626866
0.9696969696969697
0.7818181818181819
0.8679245283018868
0.7169811320754716
0.8867924528301887
0.8363636363636363
0.6607142857142857
0.7454545454545455
0.74
0.8448275862068966
0.9047619047619048
0.8870967741935484
0.8
0.8028169014084507
0.9041095890410958
1.0675675675675675
0.9864864864864865
1.0923076923076922
0.9491525423728814
1.0833333333333333
1.2765957446808511
1.1944444444444444
1.2571428571428571
1.5142857142857142
1.0
1.1538461538461537
0.96
0.8076923076923077
0.8461538461538461
0.7368421052631579
0.7391304347826086
0.8260869565217391
0.6956521739130435
0.7916666666666666
0.8846153846153846
0.9032258064516129
1.0
0.9310344827586207
0.8571428571428571
0.8181818181818182
0.8181818181818182
0.9090909090909091
0.47058823529411764
0.6
0.6
0.5555555555555556
0.7777777777777778
0.5
0.5384615384615384
0.8
0.6153846153846154
0.6875
0.5294117647058824
0.65
0.6111111111111112
0.4444444444444444
0.2222222222222222
0.38095238095238093
0.4090909090909091
0.3333333333333333
0.2857142857142857
0.34210526315789475
0.22033898305084745
0.26153846153846155
0.3684210526315789
0.37894736842105264
0.4791666666666667
0.5051546391752577
0.5208333333333334
0.5978260869565217
0.6666666666666666
0.6842105263157895
0.6593406593406593
0.693069306930693
0.9259259259259259
0.9166666666666666
1.021505376344086
1.064516129032258
1.0520833333333333