0.5190311418685121
0.45874587458745875
0.49612403100775193
0.33415233415233414
0.2785234899328859
0.31
0.248
0.25190839694656486
0.45454545454545453
0.35701906412478335
0.3384879725085911
0.285140562248996
0.37971698113207547
0.5290102389078498
0.33386581469648563
0.19915254237288135
0.22276029055690072
0.2361111111111111
0.31141868512110726
0.28862478777589134
0.2619047619047619
0.3900709219858156
0.2647754137115839
0.3111395646606914
0.23387096774193547
0.20956719817767655
0.16049382716049382
0.26666666666666666
0.25245901639344265
0.8611111111111112
0.3893360160965795
0.24829157175398633
0.33863080684596575
0.2782258064516129
0.25986078886310904
0.2727272727272727
0.25
0.31875
0.24
0.3876123876123876
0.3446808510638298
0.5952380952380952
0.6896551724137931
1.0129032258064516
0.6938775510204082
0.9330985915492958
0.296411856474259
0.42857142857142855
0.5579710144927537
0.5089686098654709
0.6336842105263157
1.0240963855421688
1.074766355140187
1.6956521739130435
1.4910714285714286
0.994269340974212
1.0384615384615385
0.9254901960784314
0.6048109965635738
0.5607476635514018
1.0
0.34831460674157305
0.9615384615384616
0.8153846153846154
0.7445482866043613
0.2727272727272727
0.3630434782608696
0.6513157894736842
1.3478260869565217
0.7625
0.3119266055045872
0.3673469387755102
0.3582089552238806
0.3215434083601286
0.3333333333333333
0.29694323144104806
0.302158273381295
0.44871794871794873
0.54
0.535593220338983