2.536363636363636
2.232786885245902
2.5773809523809526
2.694915254237288
2.3529411764705883
2.4220665499124343
2.0618556701030926
1.6159860990443093
3.1144578313253013
4.1
4.285714285714286
5.362229102167182
4.951086956521739
4.425269645608629
5.3173076923076925
3.066666666666667
3.4545454545454546
4.354166666666667
5.838709677419355
5.2625
5.0
5.529411764705882
4.401459854014599
4.510440835266821
4.947089947089947
4.461956521739131
4.141221374045801
4.614349775784754
4.502008032128514
4.807106598984771
3.7586206896551726
3.9812734082397006
3.5
4.309523809523809
2.886904761904762
3.1363636363636362
2.4934052757793763
2.6739130434782608
2.4427083333333335
2.500229463056448
2.666307028360049
1.8018867924528301
1.8932489451476793
2.4175824175824174
2.271412680756396
2.618181818181818
2.678987194412107
1.8186244674376142
1.8744186046511628
2.806318681318681
3.5918367346938775
3.040084388185654
3.3496932515337425
2.4782608695652173
2.7
2.3526570048309177
3.5365853658536586
1.9545454545454546
3.2885714285714287
3.7490272373540856
4.46078431372549
3.6375
4.317460317460317
2.537037037037037
2.570903361344538
3.391959798994975
3.1622364802933087
2.4545454545454546
1.0
1.8064516129032258
2.495081967213115
3.493827160493827
3.1240601503759398
1.5609756097560976
2.9166666666666665
2.8484848484848486
2.3035714285714284
2.27027027027027
2.5945945945945947
1.25