1.2720306513409962
2.545238095238095
1.4853801169590644
0.8840579710144928
0.8827785817655571
1.8715083798882681
1.8717472118959109
2.5752773375594296
1.9918224299065421
4.3733681462141
4.370967741935484
4.215547703180212
3.5451505016722407
2.574367088607595
3.343220338983051
2.9242761692650334
2.0978593272171255
2.7364864864864864
2.1707865168539326
4.905940594059406
5.375
5.186915887850467
5.194444444444445
3.009433962264151
2.9956989247311827
4.089285714285714
4.666666666666667
3.646153846153846
3.7557755775577557
4.5198675496688745
3.8636363636363638
4.761261261261262
2.7058823529411766
2.0660919540229883
2.742382271468144
2.8975409836065573
3.5442404006677797
2.171264367816092
3.0042735042735043
2.922222222222222
2.357487922705314
1.9723320158102766
1.1774461028192371
0.9672131147540983
1.0212765957446808
1.1157894736842104
1.4574669187145557
2.654166666666667
2.067431850789096
2.067335243553009
2.0143129770992365
2.8942807625649913
1.6013986013986015
0.9329268292682927
0.884393063583815
0.9315068493150684
1.0149892933618843
1.1156373193166886
1.1141732283464567
1.9334916864608076
0.9300911854103343
1.1391304347826088
0.928679817905918
1.032116788321168
1.2124711316397228
1.1754966887417218
4.597938144329897
5.023121387283237
3.5939086294416245
3.6526315789473682
3.727810650887574
0.9650537634408602
0.8831168831168831
2.5415676959619953
2.015252621544328
1.9684418145956608
1.8670212765957446
1.460377358490566
1.508905852417303
3.4679802955665027