1.2244897959183674
1.7569721115537849
1.9137931034482758
2.020979020979021
1.3636363636363635
1.0326086956521738
1.1540983606557378
1.2823529411764707
1.1
1.6
1.755813953488372
2.0114942528735633
1.845481049562682
1.5087719298245614
1.5419847328244274
1.8732394366197183
1.3647058823529412
1.5909090909090908
1.7058823529411764
1.6666666666666667
1.4523809523809523
1.6231884057971016
2.3770114942528737
1.9424964936886395
2.5338983050847457
1.5686274509803921
2.068085106382979
2.016949152542373
2.5903614457831323
1.876923076923077
1.5330882352941178
1.7564102564102564
1.6054054054054054
2.3784722222222223
2.2205882352941178
2.392523364485981
2.1666666666666665
3.3555555555555556
2.238095238095238
2.7333333333333334
2.35
2.1904761904761907
2.4397590361445785
2.568681318681319
2.145323741007194
2.0413793103448277
3.064
2.437956204379562
2.185185185185185
1.2380952380952381
1.6363636363636365
1.8568627450980393
1.4514285714285715
1.710914454277286
1.5982142857142858
0.9572192513368984
1.1643835616438356
0.8571428571428571
1.3617021276595744
1.2413793103448276
1.4615384615384615
1.3846153846153846
1.9375
1.6433566433566433
1.5739644970414202
1.9988399071925753
1.6
2.0166666666666666
1.9064748201438848
1.360759493670886
1.101010101010101
0.6590909090909091
1.4732965009208103
1.4842105263157894
1.6840579710144927
1.4156976744186047
1.2053571428571428
1.25
2.1333333333333333
1.7662337662337662