0.35294117647058826
0.2534796573875803
0.5682451253481894
0.6477272727272727
0.27189908899789766
0.2914466737064414
0.27611940298507465
0.3404255319148936
0.48401420959147423
0.4137291280148423
0.42329545454545453
0.28995966886011465
0.27702702702702703
0.523419412288513
0.314385150812065
0.48000583771161703
0.3892307692307692
0.6271604938271605
0.5210143642489803
0.5348670021567218
0.5863940654966528
0.4840062926061877
0.5905963302752294
0.5347912524850894
0.36804191224623445
0.4202118989405053
0.3642807745504841
0.38959886403975863
0.48726467331118495
0.6023173238646982
0.5776478232618584
0.5095298602287166
0.3757951900698216
0.3812272174969623
0.4493626558341504
0.6050495942290351
0.5520441988950276
0.34627016129032256
0.5719318849089842
0.5529699938763013
0.6001877682403434
0.4378835401609164
0.5597137014314928
0.3374547004903006
0.3442035477512991
0.3920358945597308
0.6649993240502906
0.5206927288934166
0.5916587160964972
0.4496062992125984
0.5505077498663816
0.4240417136414882
0.4844130002210922
0.6499315381104519
0.4833782569631626
0.46990452469904526
0.39317858834675506
0.5171619924654667
0.4199412669556705
0.3126702997275204
0.44550517104216386
0.5937799698588848
0.5685823754789272
0.5140735624244518
0.3371764194039591
0.42135841748512937
0.4171277997364954
0.3942939573649623
0.46909446072275707
0.4188776330599775
0.36028243601059134
0.30877812086457873
0.42668863261943984
0.3133348426533846
0.5053285968028419
0.5674166020170675
0.39736713798147244
0.47724526782118404
0.3024379529980233
0.42311901504787963