1.6789838337182448
2.2142857142857144
1.9425287356321839
1.858934169278997
1.6641929499072357
1.7739403453689169
1.5238095238095237
1.6890198968312453
1.5612244897959184
1.8480096501809409
2.1370558375634516
1.7556200145032632
1.4903129657228018
1.5909090909090908
1.8567073170731707
1.9206349206349207
1.8405017921146953
2.05852417302799
1.9723557692307692
2.2777777777777777
1.7857142857142858
1.5033112582781456
1.683127572016461
2.0535405872193437
1.890937019969278
1.5384615384615385
1.5161290322580645
1.684782608695652
1.9935344827586208
1.7914691943127963
1.7117181883537023
1.8026315789473684
1.7984832069339112
1.6997084548104957
1.823293172690763
1.6878850102669405
1.7727272727272727
1.8004434589800444
1.490566037735849
1.8571428571428572
1.5813953488372092
1.7131147540983607
1.6122448979591837
1.5146627565982405
1.3888888888888888
1.8119440914866582
1.4907407407407407
1.7483443708609272
1.74
1.7661082474226804
1.696969696969697
1.5931558935361216
1.868421052631579
1.8547717842323652
1.646919431279621
1.5835543766578248
1.8900979325353646
2.0
1.1666666666666667
1.4761904761904763
1.3464566929133859
1.701098901098901
1.5278219395866455
1.5
1.5285439384220654
1.47196261682243
1.6420047732696896
1.599009900990099
1.7359444093493368
1.7912621359223302
1.8346028291621328
1.5941828254847645
1.8336557059961316
1.932475884244373
1.917808219178082
1.7349056603773585
1.7301587301587302
1.8181818181818181
1.6224489795918366
1.7058823529411764