23.5
19.71719457013574
13.168905472636778
14.4
6.345202345202344
5.7
5.7
6.630759957342208
6.286137378198044
5.6
5.6
5.6
5.6
5.6
5.6
7.732535382574073
8.2
8.2
8.2
8.2
8.2
8.2
8.2
8.2
8.2
8.2
8.2
8.2
8.2
8.2
7.45983235966471
7.7
7.7
6.902052785923738
6.7
6.7
7.459805963326044
7.7
7.7
7.7
7.7
7.7
6.681153578874193
11.540272141322502
12.8
12.8
12.8
20.22370517928285
22.216158536585354
22.684148397976376
18.57773641102009
9.097446936323573
8.369465429167581
7.674229996197505
7.786791280777034
6.798753648704977
6.286597245549204
7.674087551596778
6.798744556657072
7.186392860569984
7.78651837633375
7.2927666030440825
7.292771850836828
7.405169822663056
8.582537397008235
6.902637577336356
6.287062266142179
14.563891020721377
16.039785447761194
15.790469798657707
20.110676835081012
19.24392678868551
18.660885885885875
18.11758893280631
10.811778471138835
9.82771915584418
7.914549967495995
7.914584564472269
8.171363726070664
8.677494604017934
7.349985170538801
6.224452519379845
7.349901146698297
7.405732739197913
6.737811383773233
6.5708273264195505
7.570489144650785
7.57050638208829
7.850031716740652
7.914422395464194
7.187226189905555
8.171086713562564
8.368605903900036
7.133796054195377
12.810675636150897
11.95176261729646
12.89823217442543
14.152712049508517
11.33175040146822
7.786761389264758
8.237310004728776
8.04897247477892
6.633029349134311
5.7290945629116825
7.974930328365431
8.435740768204075
7.187821587697008
7.914719074598666
6.951849088280541
7.406307207522631
7.294073386426921
6.73883661645421
7.080655505776929
7.238014293992637
6.3475778052726755
6.951827505827489
5.919842099759493
5.535522496371552
5.919714554579677
7.033581565266246
8.435018157563192
10.492322695035469
5.794038796861373
5.729629009762895
5.919830650219531
6.57160442214788
6.571582516605488
6.347348394768133
6.951383970177057
6.903778664933602
7.033300561797736
7.293911430105941
7.914300035381518
7.080347719562749
7.134015284568272
7.293951671955078
6.853080875885354
6.407997543577851
6.459509748781388
7.237621804148553
7.914000235793432
6.683330254041541
6.800203261421882
6.045164385637094
8.674991716368456
10.39797342192691
9.360535117056859
7.033330214279013
6.168564987257404
5.852576990585605
5.9204480183802435
5.076283072999687
6.347531480161558
7.1334503367801805
6.683027840620499
6.459370462316722
6.73820209123714
6.459341482834512
6.516577465444202
6.347477674330229
5.73016934046345
6.044998990714578
5.476412517074393
7.0322984851318315
7.186463362171961
7.5159053582426525
10.305890873973928
17.108328611898006
16.378786307053936
16.04350860865518
11.433613445378143
7.913489632422228
7.973654938943281
6.9032860585835945
6.571475607493951
6.347580836617444
7.569677217500119
6.85248462996346
8.58120864227058
7.237077893925503
6.6830804003874436
7.186695648019854
9.19697346600331
7.621793103448262
7.569804534792795
7.032789795822999
6.571873551497153
5.921001303780966
7.079512860299985
6.459759520913245
15.958046767537814
20.37860798362332
15.887422876127197
6.517461645746146
7.731522516082911
6.460326519156088
6.226835626357709
6.51743980663752
5.853897621070514
7.349670243134164
6.517386252730381
7.405234819024824
7.97290735596085
7.672807823221131
7.032980064428761
6.572333132613811
6.683733468503728
6.46033757247053
6.73880217953452
6.738786535531217
6.046369362559841
6.738699847638375
6.046344535698092
6.11079618782885
9.195784130930177
10.131394122079897
16.456109071840583
7.730560896555508
7.186533416018681
6.460340234612315
7.07941577044098
8.829882604055497
7.7840453601302295
8.298126171143045
7.784148189727745
6.951244312378105
7.730617175488683
7.236998749879771
7.032944633611624
7.133298647242444
7.405089134548348
7.405098839814765
7.515444865362949
7.847639263381312
7.237096851718311
5.922617435683782
6.4608575832593615
12.896233078281316
14.937334933973538
16.84635616438355