7.1
9.0
12.517669340463442
14.52579152459812
13.886057798367501
11.885997521685237
15.8
15.641814159292057
9.723963457484201
10.27260616153205
9.71708579881656
7.85352413498506
9.2
7.1
6.0
5.0
3.2
3.5
6.206450094161951
4.2
6.215028248587574
6.455033557046976
8.99932975871313
6.4
11.181862745098014
7.9
11.699935917975003
10.2
9.4
7.5
10.26224358974357
5.4
6.4
8.221799307958484
8.2
8.0
8.961264367816106
16.120245979186397
14.6
15.6
15.6
15.6
15.6
15.6
15.6
15.6
15.6
15.6
10.021049222797897
7.2
7.2
7.2
7.2
7.2
7.2
7.2
7.2
7.61740540540541
4.9
11.213585291113382
7.453935326418553
8.2
8.2
8.2
8.2
8.2
8.2
8.2
8.2
8.2
8.2
6.1
8.0
8.5
10.2
11.371384317521764
10.1
11.1
15.281092233009696
21.290551776266057
16.349900398406355
10.739358944143305
10.372708145476404
7.1322435174746275
6.551488833746901
6.6
6.557790782735923
6.060521483657729
4.9
5.1
4.4
3.2
5.6
8.02103977669225
10.959475008989596
21.913128491620107
20.195033358043002
14.06543378995434
14.30315619967793
12.740670585673827
17.58007978060334
23.257241720217486
24.108556430446217
17.95949067219425
16.871085011185663
15.911172819340068
17.212013600302203
15.825799701046313
10.03468296409472
6.682558139534885
6.711105002748781
6.25348725348726
6.259625876851134
6.971935853379151
6.708263888888891
6.333700696055687
2.7
2.0
5.0
9.2
13.0
9.0
6.6
5.9
10.995091887046145
20.9
16.1
16.0
10.9
11.1
7.9
10.8
7.4
5.957674943566597
9.6
10.166496163682863
6.526624068157619
4.5
4.5
4.5
4.5
4.5
7.1
7.1
7.1
25.2
19.9
13.0
13.0
13.0
13.0
13.0
13.0
12.9
10.667327539380764
11.45097837281155
11.75208685843204
12.836762481089249
9.231405391258827
8.05814376706096
8.501866542230516
7.6
6.103638151425758
7.23973288814692
4.4
4.4
4.4
11.333805309734487
10.4
10.4
13.961137339055776
13.0
13.0
13.0
13.19160041479433
11.4
11.4
11.4
10.227259368111687
8.3
8.3
8.3
8.3
10.564023702031603
7.5
7.5
7.018136311128226
6.647727272727274
6.0
6.0
6.0
6.0
6.0
6.0
6.0
6.0
6.0
6.0
6.0
10.1
10.492718327183272
6.9
6.9
6.9
6.9
6.9
6.9
6.9
6.9
6.9
7.5
7.5
7.5
7.5
7.5
7.5
7.5
7.5
7.5
7.5
7.5
7.5
7.5
7.5
7.5
7.5
7.5
7.5
7.5
7.5
7.5
7.5
7.5
7.5
7.5
6.466111488783149
4.2
4.2
7.698337292161524
8.842598533455527