4.6
7.5
13.536363636363637
13.2
13.2
13.2
13.2
7.6
4.9
5.856020942408378
7.111235955056177
7.2
7.2
7.2
7.2
7.2
7.2
7.2
7.2
7.2
7.2
7.2
4.2
4.2
4.2
4.2
4.2
5.5
5.5
5.5
5.5
5.5
3.2
3.2
3.2
3.2
3.2
3.2
3.2
3.2
3.2
3.2
3.2
3.2
3.2
3.2
3.2
3.9
4.457099697885199
4.1732283464566935
6.294444444444445
9.289655172413791
6.460975609756098
7.064591439688713
4.726923076923077
4.589966555183946
5.766796874999997
5.034866828087169
7.626612903225803
5.555642023346303
5.785274725274722
7.9010000000000025
7.103246753246754
6.474901960784315
6.567499999999998
5.063333333333334
4.417241379310345
7.016216216216214
6.597560975609757
5.5050724637681165
4.95436893203883
6.5820105820105805
5.315806451612902
7.649107142857141
9.570967741935483
7.824489795918366
4.36
4.403942652329749
4.72523364485981
6.271851851851851
6.356067961165043
6.350639386189259
5.125174825174827
4.525000000000001
5.891101694915259
8.9725
8.656716417910447
7.403225806451613
5.548360655737706
5.455803571428568
5.1525987525987516
6.239240506329119
8.696825396825396
7.708695652173911
5.865517241379309
4.874657534246573
4.396788990825689
4.134920634920636
4.836170212765957
4.3707692307692305
4.540350877192983
4.133070866141733
5.176623376623378
4.856326530612244
4.2122448979591836
4.771428571428571
5.4051515151515135
4.763823529411762
6.765151515151514
7.932773109243698
7.569172932330829
7.793599999999999
5.969911504424777
6.122409638554216
5.3335064935064915
6.336491228070178
5.24166666666667
4.398170731707322
4.482330827067669
4.366521739130434
4.487958115183246
4.202068965517241
7.1
7.325786163522013
6.8578947368421055
5.552895752895753
5.392612137203168
4.750609756097559
5.29627329192547
6.719815668202764
5.94124700239808
6.342344497607652
7.570520231213872
6.878461538461537
5.509999999999998
7.419999999999996
5.43359375
4.624861878453041
7.316901408450701
5.172000000000003
4.821241830065355
4.568231046931407
4.361471861471861
4.45082872928177
4.375595238095239
3.7314814814814814
4.32063492063492
4.884328358208954
4.027777777777776
4.598214285714285
4.547826086956525
4.2305555555555525
3.723853211009174
4.802380952380953
4.56497461928934
6.003902439024392
6.053919239904987
5.163440860215055
5.9615702479338895
6.4341463414634115
5.972009569377989
6.668501529051986
5.367357512953371
6.936180904522612
5.233720930232559
4.476595744680854
4.591089108910891
4.402702702702703
4.16578947368421
4.120634920634922
6.746153846153846
7.920512820512821
4.860714285714287
5.77441860465116
4.519354838709678
5.662643678160922
5.181404958677688
5.003373493975898
4.928240740740741
6.881208053691276
5.514341085271313
6.594525547445255
6.540168539325845
5.519424460431655
6.11974025974026
5.983849557522125
5.332848837209307
4.3
4.2
4.58
4.725547445255472
4.340598290598289
4.185625
5.28139534883721
5.902472527472527
7.968421052631578
6.535757575757575
5.027173913043479
6.035999999999999
6.01284403669725
4.729999999999999
4.903773584905661
5.896644295302017
7.097530864197528
5.120689655172415
4.497948717948717
7.8837837837837865
5.50421052631579
5.7091489361702115
5.456531049250532
5.794663573085847
7.105194805194801
6.6385802469135795
4.801111111111111
4.389716312056737
4.7147465437788
4.251832460732984
3.940277777777778
4.3585365853658535
4.98715596330275
7.0683333333333325
6.242499999999997
5.646842105263159
7.559821428571431
5.153191489361702
4.313291139240507
4.728776978417264
4.2744
7.069230769230771
5.90918032786885
5.825117370892022
5.376535087719294
6.261829652996845
5.803043478260872
5.256744186046512
8.228205128205126
6.227692307692306
5.087500000000004
5.687453874538742
4.832835820895521