25.0
25.0
25.0
25.0
25.0
9.4
9.4
9.4
9.4
9.4
9.4
9.4
9.4
9.4
9.4
9.4
9.4
5.4
5.4
5.4
5.4
5.4
5.4
5.4
5.4
5.4
5.4
5.4
4.8
4.8
4.8
6.4
6.4
6.4
6.4
6.4
6.4
6.4
6.4
6.4
6.4
4.3
4.3
4.3
4.3
4.3
4.3
11.4
14.9
15.8
12.9
8.5
4.7
3.0
3.3
3.9
2.9
2.9
1.6
2.5
2.5
3.5
3.248780487804878
2.5
2.7
3.6
4.3
4.4
6.901923076923077
10.374074074074073
14.455555555555556
15.822580645161292
13.735
15.8
15.8
10.63095238095238
4.824096385542168
6.430434782608696
4.160714285714286
3.5184210526315787
2.8
2.4
3.0322033898305096
2.8630630630630622
2.704
2.5296874999999983
2.6438356164383556
1.9
3.7
4.2829787234042564
5.765714285714287
4.8
6.848148148148151
5.687096774193548
4.3
6.7
9.653333333333334
10.922727272727272
9.783333333333333
8.087951807228917
3.812121212121212
8.7
5.3357142857142845
2.8079999999999985
3.2795918367346926
2.728205128205128
2.738144329896907
2.4233576642335763
2.7
3.2241830065359465
2.8450704225352115
2.735955056179775
3.1638888888888896
4.567391304347825
4.827027027027025
4.542708333333334
11.67857142857143
15.74
15.43333333333333
13.777777777777779
13.173076923076922
10.23170731707317
11.06764705882353
8.122222222222222
8.942857142857141
5.0675675675675675
3.7210526315789467
3.0472972972972974
3.3636363636363638
4.120408163265306
3.0999999999999996
2.2999999999999994
3.1261904761904753
2.184615384615385
2.85
2.687234042553192
3.3358024691358024
5.45
7.9799999999999995
8.418181818181818
7.137837837837837
6.293617021276595
7.0840000000000005
5.399999999999999
5.884210526315789
6.441666666666666
4.726732673267328
5.16551724137931
3.8904761904761913
6.400000000000002
4.745180722891565
3.7956989247311808
3.340223463687151
2.8532188841201713
2.6140740740740736
3.1160256410256406
3.4670588235294115
3.271428571428571
3.1398437500000007
2.973684210526317
2.962857142857142
5.9681159420289855
6.206410256410257
4.71125
4.239849624060151
13.407692307692304
15.625000000000002
14.88
13.100000000000001
10.204545454545455
8.337837837837839
8.965753424657535
4.683333333333334
3.994736842105265
5.914285714285714
5.61
5.6225000000000005
2.83768115942029
4.474999999999998
2.961904761904761
2.838775510204082
2.330769230769231
3.245833333333333
3.3208333333333333
3.4516666666666658
3.178431372549021
5.148148148148148
5.949999999999999
10.1
16.214285714285715
14.881818181818181
16.081818181818182
14.362499999999999
10.673076923076922
10.532558139534883
6.557894736842106
7.42
6.063157894736842
3.474999999999999
3.032
3.3780487804878043
4.254166666666666
2.768749999999999
2.314285714285714
2.475
1.9500000000000004
2.202380952380952
2.843809523809523
2.69344262295082
3.384444444444444
4.54
6.978947368421051
7.67391304347826
7.033333333333332
9.604347826086956
10.838461538461539
12.184848484848487
11.341666666666663
10.405405405405405
7.434883720930235
4.330357142857142
4.1642857142857155
3.9764705882352938
4.301886792452829
4.578571428571429
3.23804347826087
2.6734375000000004
2.7037037037037033
2.4656565656565657
2.4264705882352944
2.4943661971830995
3.052238805970149
3.245918367346939
3.3632911392405056
5.468103448275858
5.632
5.9243902439024385
8.06511627906977
7.1846153846153875
8.594594594594595