11.1667600896861
7.9187814702920365
7.817828319882607
6.688493475682085
5.991686746987949
5.229868708971546
5.2489251934651735
5.069836321122365
4.46599732262383
4.2064386317907445
4.662168021680209
4.80724779627815
2.1333333333333333
4.733247200689063
4.35
6.278629932985852
5.968801191362626
6.6768115942029
7.5619188921859575
8.395758354755783
8.227820710973726
8.5
9.21381381381381
9.885333333333326
7.264858490566048
7.298456449834633
7.378159275154972
7.046441495778049
6.314432367149753
5.925044091710755
6.837535953978905
4.8
4.93083059596433
4.040000000000001
5.1
4.279823455233288
4.970205329838352
5.030782813419654
5.166651270207852
5.276267482517479
6.88340750158931
7.257708430367943
6.900355691056907
8.09536345776031
11.582926829268292
10.574161073825511
10.898688683827125
11.314963942307697
11.088352272727281
10.618429844098005
8.630340854536733
7.0664782608695615
5.631058570660925
5.609769189479327
5.5834919321472825
5.138416815742386
5.601497005988025
5.24656319290465
4.65193564605329
4.9678145695364115
4.692443324937029
4.689491525423728
4.745042839657284
5.168203883495153
6.087368421052631
6.869004329004325
8.357712305026002
9.22416666666667
9.043610421836217
8.830616996507555
9.547619047619046
10.473327137546466
9.783695652173929
8.322131147540976
7.45662033650329
6.855017301038062
6.514968152866238
5.686463798530951
6.159463276836163
6.9
5.511059907834105
4.67037037037037
5.493760831889084
5.2338201383551075
5.218439999999991
5.24550283286119
4.955798004987536
5.08017241379311
5.207805108798487
4.6
7.983905013192602
7.775
9.173026315789468
10.008641975308636
8.142201834862378
9.204359313077937
10.94241142252776
7.948175912043972
6.951756129887336
7.129000448229486
7.469406175771967
7.1
4.306172839506174
5.601513292433528
4.8952755905511705
4.71287322564855
4.590783597239135
4.710556621880996
4.660678985818648
4.990004079967356
5.462314865606149
5.862882096069875
6.380948238364502
6.968579626972729
6.454055258467014
7.574032403240308
9.462054120541204
8.273477604428777
9.201906941266207
9.937099023709907
8.289255014326649
8.511058263971467
9.062430055955241
8.364311594202901
8.019383259911894
6.350282485875708
5.408510638297863
5.359595435684637
4.176470588235294
4.526247122026091
4.460793650793646
4.52198053806526
4.667318059299196
4.3487719298245615
4.557906458797327
5.395707070707076
4.805024311183149
5.0
5.212299465240642
8.884496124031005
7.423814541622766
8.365086206896557
8.849504015115723
9.673423244744145
9.539549436795998
9.849490268767369
10.532478134110784
12.3
7.211175422974176
5.950000000000001
5.578585365853652
5.013933547695606
5.45613760750585
4.732837465564738
4.6024822695035414
5.151097178683376
4.898313125988404
5.269100091827365
4.93052873563219
3.5
7.463218390804592
4.5
8.353142857142847
9.100527240773275
9.767313915857601
10.213192904656314
10.615472779369634
9.093629430237767
10.695617283950611
9.801342642320073
10.348041237113414
9.095020503807852
7.195189975747783
6.2849370686155135
5.6430709534368
5.8419534883720905
4.936161251504216
4.439044943820221
4.337418147801681
4.340665236051497
4.269664525339044
4.367097817299921
4.3558490566037715
4.48317757009346
5.851735357917573
6.1951059535822415
7.591666666666666
10.740338379341045
13.20329218106995
12.009323432343221
12.566367713004487
13.999999999999998
10.536329588014986
8.23327370304114
9.38477859778598
9.274999999999999
8.303426124197003
6.233333333333329
5.773103448275865
5.867486818980671
5.171490593342979
4.867594223318061
4.629067357512953
4.461585365853659
4.632602611940295
5.9
5.048288360853801
4.25
5.834499753573195
5.906987399770911
6.897352690008535
9.10996192893401
9.45210126582277
7.661966604823741
9.360260770975051
9.538944223107567
9.28407932011332
10.5
6.003296703296707
10.4
6.51781140861466
5.846228974498095
5.70975094976783
5.172332730560572
4.934280155642017
4.91047928513403
4.382372881355939
4.419779715465812
4.445484171322164
4.367473269555432
5.094602634934125
3.8
168.65
6.5
6.894415917843393
8.554761904761904
8.623966942148767
10.827963917525773
11.477489177489177
10.594543744120406