11.3
11.3
11.3
11.3
11.3
2.0
2.0
2.0
2.0
2.0
2.0
2.0
2.0
2.0
2.0
2.0
2.0
2.8
2.8
2.8
2.8
2.8
2.8
2.8
2.8
2.8
2.8
2.8
4.0
4.0
4.0
4.0
4.0
4.0
4.0
4.0
4.0
4.0
4.0
4.0
4.0
4.7
4.7
4.7
4.7
4.7
5.0
6.7
5.8
3.5
3.2
4.7
4.0
3.3
2.6
3.9
4.1
3.6
4.1
4.0
3.9
3.8
3.7
4.1
5.3
5.9
5.6
5.4
7.0
7.8
8.2
11.0
7.1
3.6
3.2
2.8
2.6
2.6
2.5
3.4
3.0
3.2
3.1
3.6
4.6
3.1
2.3
1.8
2.2
3.0
3.9
4.9
6.3
6.0
6.2
7.3
5.4
2.9
2.1
3.9
4.4
2.4
4.0
4.5
3.6
3.8
3.7
3.4
3.6
2.4
3.8
4.6
4.3
5.3
4.6
4.0
8.4
6.9
6.2
6.5
6.1
6.5
1.5
2.3
2.4
3.0
1.8
4.127498869289913
3.0
4.4
4.3
1.6
2.0
4.1
4.4
3.6
3.7
5.355277777777779
7.4
12.1
12.0
10.5
7.359909502262436
6.329999999999997
5.513053988718761
6.899311926605508
4.79699211045365
4.394909303686368
4.55244755244756
4.820512820512822
8.496078431372549
10.897029702970299
11.550299401197607
7.24046579330422
7.350260869565223
5.836811023622046
4.2319095477386925
4.381496379726469
4.386029935851744
4.580365071534278
4.452282958199354
6.279533678756482
6.3965707287201505
5.170817120622569
6.873266708307304
7.110847880299258
9.182758620689649
8.8015873015873
9.255833333333335
7.577582417582418
4.06340621403912
4.0441176470588225
4.373664122137411
4.3995898277276515
3.8434865900383137
4.471937124364307
4.630746791131861
4.229821073558651
4.410135501355019
4.145614035087719
3.9043750000000017
4.2357899807321795
4.000334448160532
4.578846153846155
4.916339869281045
4.890992366412208
4.475436046511629
5.953138075313808
6.525641025641025
7.2748533109807125
6.9223564954682715
6.881429375351718
7.062773722627739
5.641457586618884
4.5231807228915555
4.319786096256685
4.966943062465453
4.8278006166495375
5.138007380073798
4.206617647058826
4.4622222222222225
4.1741935483870956
5.59352380952381
4.084210526315785
4.292079207920789
3.82568058076225
4.084505862646563
4.76865813181602
4.136368909512759
4.340064308681671
5.003071672354948
5.1751617076326
6.3723404255319025
7.347542533081279
8.139655172413796
7.931632653061225
6.946956521739131
4.733004926108373
3.834052213393868
4.162985074626866
4.444280442804429
4.266607142857144
3.9350154479917623
4.103429504627114
4.247847478474792
4.159067017082793
4.015877437325902
4.307019438444925
3.9920212765957475
4.0444444444444425
3.7453074433656957
3.542028985507247
3.7817647058823542
4.742345276872967
4.566123054114165
5.627358490566042
6.711647058823524
6.827604726100961
6.305027422303465
5.873647294589174