13.9
13.9
13.9
13.9
13.9
9.3
9.3
9.3
9.3
9.3
9.3
9.3
9.3
9.3
9.3
9.3
9.3
4.2
4.2
4.2
4.2
4.2
4.2
4.2
4.2
4.2
4.2
4.2
6.3
6.3
6.3
6.6
6.6
6.6
6.6
6.6
6.6
6.6
6.6
6.6
6.6
5.2
5.2
5.2
5.2
5.2
7.1
9.2
10.6
13.4
12.04100529100527
7.3
9.3
10.038905398712219
10.8
7.1
6.5
7.9
7.9
6.8
5.2
5.1
4.3
6.023244073748906
4.0
6.1
5.8
5.0
6.86934156378602
7.69914626490899
7.76123893805312
7.2272462562395985
7.484349030470905
7.824031720491907
8.102006420545761
7.2246322468993425
6.932354691529463
6.701452404317974
7.247071538857445
8.312282749675761
8.383525056194648
9.294674990818974
10.969926199261977
9.140487324636961
5.754301289722111
7.197875534003017
10.201511203751942
10.320238441407383
9.642811501597443
5.593030090972705
6.700192864030881
8.29862534042279
6.84063236449334
6.72675213675216
7.114106953134244
7.677201952126442
6.737449438202261
6.603950418220308
7.368920863309371
6.919390171699254
6.077517473466228
7.027246413289724
7.182885147021886
8.881931166348004
7.9717883211679
8.111973144349133
7.666862567811953
6.326747977297451
10.279472329472345
8.643544238683132
7.4211682242990795
5.448865736850932
5.489998272585927
6.374039098740887
6.098361358037918
6.744133151112871
7.040896358543424
6.584115873357759
7.235229853975142
7.885086042065028
8.891840780844923
8.844297700435067
7.422946820621247
7.602501713502413
7.8006001412097135
7.102343558282229
5.944248098303107
6.2860346820809525
7.129090471607334
6.366472805600443
6.697049180327868
6.851371951219523
5.982089220157972
6.786473220730492
5.92086972019247
5.428079059130983
5.234350373812874
5.587825041334729
7.674632394208124
8.06660753880268
8.944094728800636
9.050310153444364
8.869251471825091
7.442353653002591
7.080510999083423
5.725331439393937
6.932616910722734
6.738666795106462
6.311724382460707
6.86419795613735
8.145882507212187
8.913731909028273
9.376446051167951
6.581738290680848
5.734036532029845
5.817924965261687
5.945147915732858
6.723748804590379
5.524077868852443
5.8379905808477215
5.97799511002445
7.309632495164429
9.179029590148897
9.09335476956058
7.529891650732971
6.545618955512601
10.840899999999989
9.600630119722748
10.500439146800488
11.117972681524074
9.287237354085612
7.820439361340738
7.958877766069561
7.95846104210359
12.862081984897555
11.786915446386377
7.117450113834238
6.466220581449012
7.593604294478546
6.621768777766311
5.7103953337653905
10.376514635806673
11.523135033050057
11.593053244592328
6.844110612855012
7.490176659528929
7.401835436437588
6.060729476818384
7.089823609226578
8.318537799909457
8.309724119093158
8.140447504302935
7.7526881720430145
10.465610299579113
14.219217687074835
11.770261697065811
14.837949836423112
13.835598980458784
11.95025722200237
11.511085626911298
8.129831120278476
6.84182182182183
6.422711058263979
8.286272411024896
8.878713499788404
9.504867924528307
7.675300588385796
6.321626083367735
6.337804038549816
6.574238197424911
5.591667845522697
8.04450853160299
7.480211528291913
6.819474793942898
6.586824089691448
8.15464493597207
8.53087308730872
7.475811518324596
10.821228304405878
9.160467289719627
9.665383119408801
11.254743875278395
10.553497212366963
8.303204376709667
9.045591286307074
6.586931818181824
6.193474513666611
6.848807889152433
7.092568977509866
7.6676203389830775
6.432938689217771
6.228420612522226
6.9414503816794095
6.439904697072858
6.173018891847369
6.161938807696362
6.208863430810996
8.065770999757937
7.12249504950495
6.7445048056832695