20.1
20.1
20.1
20.1
20.1
2.7
2.7
2.7
2.7
2.7
2.7
2.7
2.7
2.7
2.7
2.7
2.7
2.3
2.3
2.3
2.3
2.3
2.3
2.3
2.3
2.3
2.3
2.3
2.4
2.4
2.4
2.0
2.0
2.0
2.0
2.0
2.0
2.0
2.0
2.0
2.0
2.9
2.9
2.9
2.9
2.9
2.9
17.7
17.9
14.5
8.0
4.5
5.0
4.4
2.5
2.6
2.5
1.8
1.9
2.1
3.1
2.3
3.0
3.0
3.0
2.7
7.904761904761905
15.100000000000001
22.7
20.0
16.333333333333332
16.775
15.85
12.5
5.6
6.0
4.9
4.5
3.3
3.0
3.3
2.7
2.9
2.9
2.2
3.1
3.05
3.4142857142857146
5.838461538461538
6.052631578947368
8.312
9.415625000000002
8.334146341463416
11.461428571428568
12.086206896551726
13.3
12.250000000000002
8.955555555555556
4.76
3.1000000000000005
3.1571428571428575
2.744444444444445
2.9200000000000004
2.7700000000000005
3.2249999999999996
2.9714285714285715
2.5285714285714285
2.928571428571428
2.6999999999999997
2.6714285714285713
2.75
2.5090909090909084
5.13
4.753333333333335
6.168627450980391
10.43913043478261
10.981707317073171
11.391489361702126
11.207865168539318
13.219791666666664
12.70588235294118
6.925
5.018181818181817
3.3071428571428574
3.4785714285714286
3.483333333333333
3.0142857142857147
2.757142857142857
2.7166666666666663
2.6
2.911111111111111
3.0777777777777775
2.983333333333333
3.3600000000000003
2.811111111111112
2.9083333333333337
8.678947368421055
4.369230769230769
6.019230769230769
8.367391304347825
10.799999999999999
10.798750000000002
10.367469879518069
10.054285714285717
14.3125
7.637499999999999
3.966666666666667
2.55
3.2
2.5
3.0
3.0999999999999996
2.85
3.05
2.95
2.9
3.25
2.4
2.733333333333333
3.28
2.92
2.9857142857142853
5.1
10.795081967213115
9.451063829787232
9.882905982905983
11.396
13.59807692307692
15.064285714285715
9.166666666666666
9.5
3.75
2.5
3.05
3.05
2.333333333333333
2.766666666666667
4.3
3.0
2.4
3.2
2.9
2.9
1.8
2.25
4.32
7.566666666666667
6.707142857142856
8.01086956521739
9.171186440677966
12.375
14.184615384615386
14.175
11.1
4.6
4.9
2.8
4.8
3.0
3.5
5.7
3.3
1.8
2.5
2.7
2.5
1.9
2.9
4.6
5.7125
9.308333333333332
7.166666666666667
7.4862068965517246
10.32142857142857
10.993023255813954
10.006451612903225
14.059999999999999
6.8
5.6
4.2
3.0
3.2
2.6
2.8
2.1
3.9
3.1
2.5
3.7
3.6
2.75
2.85
4.666666666666667
3.4666666666666663
5.7
8.229032258064516
9.24885496183206
9.736363636363636
19.700000000000003
17.7