0.999000000559491
0.945340578470105
0.143449479649203
0.101689972890868
0.187799273045173
1.7578796916856
2.58640731993981
1.7576824224184
1.7161665739163
1.75346311661373
3.36089091870128
4.26210762088762
3.46830976973562
4.20195033884811
1.27490219601412
1.98239059710819
2.22143979682431
0.619629079735846
0.657675333339304
2.02501951175077
2.09743204735716
2.05922501889114
1.95479495987666
0.407412503753146
1.92102280402525
4.29313648844616
4.31714932894729
3.52777557089888
3.42395586440496
4.28744895585293
3.74140875003263
3.73250247063807
4.50720415229145
4.55759964011832
3.87855151699063
3.84609328549091
3.13012985033731
3.90975464697244
4.75164815516085
4.71802772501197
4.71868008384111
3.93277398003748
4.69884334135856
4.82309180461595
4.80248408941997
4.83613420193154
4.04321776019978
4.06938357268376
4.11250597517858
5.61260949536125
5.69617650770279
4.09876066711619
4.0547914816197
5.60020550745545
4.24452060768143
4.91131855703686
4.92151923627098
5.61310869489865
5.02638114636142
4.87862200971428
4.95556323338417
3.44482280000379
4.18903182663637
4.23539636063513
4.93175225264461
4.23790932701272
4.81778917036591
4.91741229714517
4.11848308272473
4.89366248027469
4.1458410118444
4.11538392547317
3.4138775636717
4.0610093988133
4.92077261934541
3.3632863897228
3.27411062372724
3.26813113964998
3.26756299495626
4.07709635657796
