0.99900000059022
0.999999823494625
0.999999880018597
1.06130827593725
1.8730976101963
2.66006494210192
2.57662622771911
0.395842676737945
1.00990662358854
2.54809427888017
2.75843474451943
2.80963742012525
2.54845858130326
2.52878921044727
1.9836799625102
2.68544840642019
2.72342977863435
2.03295552525989
2.02159498420564
1.95010636412947
0.644468853237519
0.621852291877315
0.593964782970775
2.03005244749762
2.13804706458505
0.599582800737042
0.457663258004575
0.404166221825703
0.572201892712306
1.33422117188341
4.6713460614592
0.62404235536934
0.345534085677593
0.252291057694569
0.316870140006035
1.48680435847595
1.17623555849857
1.1146296935685
1.77105649533209
1.78102875978238
1.83706969534088
1.08910072265462
1.02042493303092
1.78312518458545
1.15962087996659
1.15344136797491
1.76587814799281
1.09736468222688
1.15377718422905
1.77742753403711
1.79548423371595
1.17814013836536
1.06889162621487
1.04797356849385
1.13217069659484
1.17160308129559
1.11342003888404
2.4819006340758
2.54196276626414
2.52225154623522
3.15696228488066
3.12298412625848
1.16640564331932
1.76409216538175
1.81339095291295
3.33947614758687
3.48847902781673
3.27423815257695
1.89227923568508
1.79514013529283
1.27416246234733
2.70481894415841
3.52839765913073
1.38078964707505
1.25472390336569
1.16113218783543
1.3368363369197
1.50283043884768
2.00738091356391
1.31941708920555
