0.994000010293327
0.999951062878952
0.999939435851081
0.999829012031147
0.24707843359573
0.0610278747001694
0.0150370426614232
0.756470480397973
0.939751130645265
0.232255411422989
0.057364081581829
0.0141313433104641
0.00344430890943803
0.753604776712249
0.939042735219108
0.232080297710118
0.0573207938713187
0.766922921044912
0.942334950154644
0.985696404099195
0.996415256721378
0.246262654310343
0.0608266401104105
0.767789558247645
0.942549180896649
0.985749361450524
0.243626069300114
0.0601748823029666
0.014826166844724
0.00361606770404865
2.25925179181066
0.558432968590873
0.13799443056487
0.786865260232145
0.947264650965942
0.986915014908125
0.996716494536915
0.999139397969873
0.246936055820403
2.31939993850302
2.07890601012993
0.513851902251625
0.879776370895287
0.970232065837112
0.992592507536288
0.998119957779236
1.75228860924364
1.18591510326171
1.04590886298451
2.51690419608801
3.63333316933528
3.15650958953943
3.03863988698864
2.25670048670959
2.06340684849839
2.76842737988252
3.69550912730946
1.66627478797585
0.411850404256723
0.101759554629004
0.0251058030989562
0.00615717036540531
0.754275389883294
1.69201078762495
1.92381684144988
1.98111876981825
1.99528367595662
1.9987852084813
1.99965077934365
1.99986474648875
1.24711536032166
1.06103742709364
1.76784166430965
1.1897597830386
1.0468592590658
1.01153457511825
1.00280239372869
1.75344609674208
1.93900350989201
0.479268322940771
