0
0
0
0
0.0501415003263633
0.79432907995103
0.773962673146147
0.056151594674663
0.0843899328552661
0.807075278653282
0.820401490401031
0.832032398360199
0.842273891084762
0.851362405235017
0.859483584254212
0.866785226632768
0.873386464290493
0.896334198433876
1.57880654928722
0.195229436938519
0.908714633285596
1.61878439906211
1.62082311583633
0.930536092447911
0.93307012602563
0.935436701362261
0.937652189217404
0.939730889825686
0.941685350152951
0.934365811276416
0.24517782550259
0.937287710000429
0.931087121767
0.242214967260861
0.933563402362721
0.935384578839265
0.93711931603889
0.93877380867773
0.934054900308827
0.239379058959739
0.233427377873256
0.227725463743366
0.222257380841632
0.217008533039944
0.211965526051329
0.211960878451923
0.897004991397797
0.205016096623533
0.204881664700888
0.890121662495814
0.202846676593835
0.892074449162687
0.890523886140761
0.19962022955393
0.19557501708323
0.191657513789753
0.187861531651115
0.184181284917777
0.180611357953631
0.177146676108681
0.173782479295486
0.170514297981076
0.167337931340656
0.164249427349407
0.161245064614769
0.158321335774299
0.157879179537801
0.846436299508885
0.849152479430245
0.851799814084172
0.852257047466397
0.163798830696325
0.162985244555782
0.851057859705597
0.855459331878216
1.54676505606319
0.863710017735998
0.865972844765384
0.868184527316515
0.870346798273993
