1.16765806803669
0.514652181447264
0.502910452232953
0.513375248856288
0.500279825159218
0.466961702164311
0.439118982792392
0.42640060299863
0.411771589333107
0.396870566699472
0.383569473078941
0.372278151866961
0.364873729469161
0.997246784069789
0.379108978137804
0.295180957071426
0.304824365299598
0.347834394339564
0.355994809122196
0.315264496040979
0.314616813345396
0.314059832247918
0.310028816208147
0.30347972907011
0.298547911037229
0.29530985965947
0.291703378990825
0.288114753643328
0.285517111421413
1.56480433478082
0.346104281515815
0.191445766796707
0.222546247055009
0.319576831559376
0.346118957036467
0.273950457316151
0.281109865302583
0.287880768040051
0.928012065279113
0.313664899185806
0.233910457234458
0.890865295326256
0.971771002659505
1.58193819872319
0.910928666963913
1.50222748116393
0.310577520923224
0.252494443599279
0.970656981654946
1.05334815407758
1.0165023881941
0.929279698030335
0.961219300779247
1.64121968508528
1.67141838900343
1.62771976225438
0.966670935009716
1.60648703310876
1.08435230422019
1.04094379199227
1.04581520619349
0.432416513214938
1.06746414063282
1.11395155109816
1.10170456737852
0.414952193848345
0.36932540541112
1.087668682572
1.78329523184202
1.10608169092424
0.325358978866194
0.33255614230885
0.457189025191315
0.489132794605615
0.426753486317391
0.396494191110431
0.402452211798841
0.397194434918545
1.02507898308815
1.04699159769136
