1.99800000115218
2.06837601904324
2.88304704961202
2.8345797851644
2.04003254158037
2.03285326884057
1.97077005766549
0.507780154897429
2.86723205166125
3.67241794350481
4.51739232451729
5.9934680514931
5.284500835426
5.30915669692415
6.04036113577333
3.02986052658419
3.08666662641024
4.66799699875338
6.23097037993467
5.41904163584353
5.45571924160696
6.19117741808939
4.73124240813093
4.74117619700442
5.51547296346586
4.79118008442451
4.78154158106568
4.79537566661045
4.82713245268176
5.55704539002586
4.06875579436067
4.82049359544566
4.07524606807817
4.84959820530417
3.30579053292611
3.34765350901982
2.55779323743014
2.614161843829
2.56156044390971
2.59727471413017
3.28278466470368
1.03878316144976
1.03365939291499
2.52768298960176
2.54294115060088
3.22920346270927
3.1940897453126
0.944046160403899
0.952032892313105
3.21475956923303
3.95392310312485
3.14643420228359
3.12215624281508
3.13460876480519
3.14055526070466
2.38826886500468
3.87777560417164
0.885033813365844
3.15543990651931
3.85820639317249
4.65681165302711
3.79475713953332
4.60254514223952
2.31421577656969
2.39112680992536
3.09890525108925
3.16416628752606
2.34364352617355
0.884500386638649
0.885076140535819
2.40653890278821
3.87474730164952
3.82373205683992
0.813896370440832
3.06991267745158
3.0746212355033
2.35554883963156
2.27835444136318
2.33737350701745
0.816915272596841
