2.99700000178485
2.83347126201518
1.30195191789212
0.462681155654612
0.510050371335741
1.8929158360635
1.99284488257373
2.62011493146142
2.07135505825724
4.10544612841376
4.93671411663842
4.28094350667466
3.58779140433216
2.94819808706357
3.60297208138287
2.98906259079086
2.28478186113999
2.91922535885392
2.34438717781668
4.94275501430826
5.12477176939479
5.0867489964062
5.10813958555612
3.16266402581709
3.07946588099793
3.8087737942542
5.15434918949569
3.9054866924346
3.81881643634294
4.5212088109951
3.91754545351181
5.17818422946154
3.30954210298924
2.52060780885642
3.19072706179824
3.2338499378047
3.85612673497625
2.57898470583905
3.13829031663898
3.20115386071565
3.17165209886829
2.50650033043104
1.15037870223416
1.0744977824222
1.07677197994454
1.04000959155533
1.66054863249834
2.97277251073963
2.35402031261171
2.2736983522234
2.28544805706739
2.92795971535775
1.64898266111635
0.897501020598756
0.879890271608841
0.87019674872437
0.840639512097082
0.812156240984212
0.785811455552485
2.06551220456264
0.811170198839961
0.688344012824356
0.705808731031648
0.68217323621388
0.659364416931926
0.639082237430147
3.88486575391591
4.71228314606763
3.37463462925397
3.32010404520811
3.38223914770932
0.789817945042926
0.654242200442023
2.67306735182554
2.11326017062076
2.02115563018594
2.04057301263527
1.38611351043541
1.34629593213485
3.31417200463507
