1.99800000117744
1.99999965919695
1.99999978718025
1.93778862626372
1.17608220567645
1.13776099720994
1.17274329729973
1.19416574036278
1.11446969140267
1.1345345775209
1.85999657391311
1.90021570190466
1.85859026883028
1.80988023025271
1.16019727243565
1.12037910501189
1.17977774269491
1.92868931391455
1.88158525771674
1.13449600430977
1.76551089777149
1.23071787024536
2.59789911357392
1.91858915444657
2.58771152624174
1.12610736439768
1.89274576558254
1.93166952303997
2.73674228194447
2.5883957330993
1.19686616597649
1.09078426280488
1.267897646206
2.7442171372816
1.97955858608866
2.56098231621204
2.58812431615785
3.41541845093027
1.94929167719993
2.61279895153477
2.70842032326556
2.10472936667236
2.60656216153455
2.75760116750357
2.04413173504141
1.91798463544215
3.44238042534355
2.84409989053907
1.93603109364323
0.470120342806355
0.623398424946129
2.0818248341755
1.44887039651632
1.87734447883714
1.17989577791896
0.56210233082946
0.463936778149323
0.610553365728832
1.27202452597302
1.232211814848
1.17989623695322
1.14398682447166
1.90939202903266
1.2400426289955
1.15814799868488
1.86808400643901
1.30595236609384
1.85835013394868
2.60576554728678
1.99460644648666
1.10519841534544
0.450493072735967
1.26507408611597
1.31015501009384
1.22552755976956
1.11633256480106
0.479826458736633
0.444045063115435
1.88975709865571
1.9906029030255
