0
0.0908697074263505
0.838169547137764
0.821674947338854
0.0559260364066961
0.00835772487246263
0.0703386360554125
0.143066182919542
0.78395225206435
0.104274687367289
0.0285466038336993
0.0636312277505871
0.106777013866789
0.774046519910537
0.103390045105428
0.0253709314184417
0.0709880165395579
0.76702038967184
0.810354282284812
0.732242545059187
0.723416031590175
0.748704916648292
0.784517729538701
0.783949059734291
0.130812647171246
0.111357295662755
0.168214381955421
0.190778842278733
0.834335375098283
0.835322984586001
0.789086986306745
0.773029406155329
0.130936193277444
0.130776477031065
0.180590951321813
0.853688148582895
0.86919609000383
0.138479040518252
0.752859508161802
0.848116302522268
0.841887237078561
0.153241479659076
0.767112251924456
0.227003614484521
0.167426122153702
0.184011524228658
0.841283944331159
0.231871178611566
0.776977462621719
0.181255670759571
0.788652827240737
0.207520911611354
0.78223325028555
0.858092031355148
0.15783171728884
0.128491701383284
0.164306470947341
0.86419481246076
0.221403019931335
0.110767941124751
0.145748715115046
0.831589291049998
0.869390567326705
0.784028208700637
0.113581490281264
0.104476844595943
0.837968271779262
0.224613915979304
0.129710146711691
0.13691636693781
0.17187263571707
0.184070382560084
0.146188448520918
0.141317010430201
0.794159526075113
0.818356826920405
0.109061783608515
0.716058223772922
0.154975753637778
0.122279778545218
