2.99700000193165
2.99999914488403
2.91040055229714
2.20028810782375
1.57883861979379
1.9905469939197
0.894086865754688
1.91513384871244
1.41449278839528
1.98149303263769
2.55724827023655
2.00537912410713
1.40579398685356
1.38012369172038
1.92647325821692
1.95525397066041
1.97971346602524
2.54447836360531
2.60977358632014
3.15447175408255
2.08241220493343
1.4727080169472
1.45581287539779
2.5471994958057
2.58737681305078
1.4982277718656
1.43069946890575
1.43679033049428
2.51271424117071
2.02835985137578
2.00485957024048
2.00361796521351
2.00345711139023
1.99431471094218
1.44727903418521
1.41815881815319
1.95184671211726
1.97040711847817
1.44194182837724
2.48122234531187
1.46090015776131
1.93932843841046
1.41970704454227
1.3858298129167
1.38180810519536
1.91020842662979
1.40033361527635
1.91001810556439
1.93594958763324
1.93846713446285
1.93485421993608
1.3995966576039
1.9075097199268
1.92880285841244
1.39059995780618
1.36212419250244
1.89434048993897
1.9174744980912
1.37633403305245
0.804391703356439
0.766946003187435
1.29136222644649
1.31129485066356
1.30701305360285
1.3017092994996
1.29649749886772
1.29142543091603
1.2894791386496
1.82321457357625
1.85136261152715
1.8522760714129
1.31917222232798
1.82694060320949
1.85371427691875
1.85719818464587
1.85950448551232
1.85936475572058
1.32388927627426
1.29367839650471
1.28797429406933
