5.19480000511988
4.51027862946752
3.91129061513319
4.13445610565702
6.11086139253772
9.82175929985322
13.027138488912
14.8007811058389
15.8540931940884
16.4734180338997
16.697014400753
16.636268942591
16.5737596195685
16.8118596737406
17.1011705875643
17.317803876804
17.3505113677689
17.0781888326629
16.5101832880062
15.8807587164815
15.3186716663185
14.7656375901504
14.2748635389547
13.8217107589793
13.4441865044511
13.1243820996502
12.8244291355057
12.6234517755094
12.6600093706434
12.8851694325332
13.0313213922141
12.9820365278314
12.8643870537564
12.976050185404
13.2803553899137
13.5090937743434
13.6136324675443
13.6322482130533
13.5919318835155
13.632676149695
13.7881411646928
13.8616451801609
13.7576915691025
13.5299152108412
13.3257649904812
13.127559618092
12.8802120243421
12.6975467366502
12.5368200442645
12.313306171083
12.1005345099176
11.955489355435
11.8450802674457
11.8373434828448
11.8237253616278
11.8330741977036
11.822273895359
11.8922232622774
12.0243341358827
12.0936114617151
12.0011377033798
11.8578799678291
11.7204522372503
11.570818533874
11.4972889644645
11.3855184230412
11.2518717972227
11.1073522366957
10.9743958974594
10.8241502672687
10.7076783815296
10.5809367439351
10.4608472632651
10.3255501379311
10.1877318158013
10.1041559282488
10.0864734949032
10.0413778028456
10.0159732326204
10.0680812209825
10.1054296416417
10.1023928794224
10.127195541572
10.1009943626896
10.1122015672549
10.0592865298777
10.0713395332915
10.0866955117782
10.0026525795559
9.89911993437933
9.8270559654176
9.7476611228268
9.63116874922118
9.52705689174641
9.39744810512378
9.27416613414786
9.16177548708116
9.05606346940469
8.94526345868462
8.89410545039462
8.89279769299285
8.86057040917111
8.86206213582604
8.84304582156317
8.8374189875829
8.83524050083738
8.83597368428055
8.82962866937509
8.89735513282836
8.9633482666688
8.91480668999252
8.83074550390602
8.76183076962599
8.7197631817849
8.62495636562761
8.55819707811211
8.46425557621391
8.38298301698116
8.29754763039604
8.24296034082579
8.15232841268321
8.0435559050059
7.97676824602106
7.93077666577854
7.91478437683113
7.93215929636753
7.94141305499619
7.95504409317747
7.95712058714627
7.94458644916736
7.91190558304213
7.8903403352041
7.93618282848091
8.03022570465732
8.02743444612806
7.97735428057589
7.92226496982626
7.8989065926133
7.82730780299109
7.76644155816516
7.71405989062437
7.63162304315665
7.59142473889704
7.55478510923249
7.49728030310763
7.48632149788283
7.48453394526546
7.44235650224672
7.43532387759608
7.4252142345716
7.40906135284794
7.39990513495842
7.44382197673621
7.45135913965453
7.50002245801844
7.61812389394858
7.71225746645938
7.78396614901942
7.77641109030267
7.7783564780494
7.78005265468962
7.74912196495251
7.75098764648016
7.67167514174121
7.60453225116517
7.53220525611266
7.45798567874611
7.39777460746978
7.40061657932698
7.33934174205674
7.25897082919974
7.22230572691621
7.25177690912604
7.29164534706628
7.32015821819156
7.3935363222471
7.49233354548467
7.61128893206307
7.70498503892202
7.79866076324166
7.86577282100331
7.8896837366633
7.89148073409253
7.91504484100867
7.93494575319147
7.89849937604003
7.87185261658276
7.80511451768631
7.72851934694853
7.64850026084072
7.58386966233178
7.56533273378938
7.52209533363438
7.44217835307395
7.35897944901359
7.33311673751239
7.31243901843746
7.34361631609126
7.46462616618876
7.62889947549957
7.81720489685928
8.09128257769349
8.39827334801254
8.63649844648889
8.76515570363072
8.84503613454842
8.8585361548485
8.98833806448562
9.04442503018645
8.99387860638332
8.92549456648978
8.87837115076956
8.81641659832605
8.73838020230642
8.70042735437714
8.66304591838268
8.6075800484316
8.5389834328383
8.46370086061193
8.40208394421797
8.39430393681125
8.41771318910695
8.42522765647506
8.44506876642926
8.47701557757767
8.48982275664791
8.51025986144195
8.60184341867085
8.67485657882033
8.68453742550821
8.64128116811715
8.65618499183609
8.66618443611031
8.66045962187717
8.60820318198143
8.53969305933379
8.50639729102198
8.42078889033752
8.31943262806687
8.23210183782785
