22.1778000142896
21.2745728624022
14.6531426675307
5.45720016410501
8.36353197190234
2.18050946496094
2.46331325294071
6.55681547353676
5.66065692931466
2.4523838076558
2.63158738562313
1.81885335768034
1.45954273532832
1.45554317747021
1.63456996747493
6.72003587484233
1.31648482423699
2.14967391877787
1.56898311120747
1.02084548938599
1.01394841455666
0.971654141130969
0.923909778856435
0.871244773503037
0.815188754240919
0.756904307202336
0.697316877701269
0.637159494606079
0.577010880771904
0.566592601930243
5.30738359358326
0.288857359311859
1.13587605878605
4.8656537436433
-0.0114810679668649
0.805347712958171
5.17813136284126
-0.176454069607349
0.736326899243296
0.288402309943177
-0.148368896820739
-0.0710932836219742
3.99414433228601
7.45426232067936
0.355574804595922
1.36004731570998
0.29282948307986
12.8154057102372
13.8577459225491
16.1492448317601
14.3765029430256
8.26831122825528
7.26797888537274
5.44572787243183
5.16955744890953
4.30090329559107
4.03905882184959
5.50503329085102
4.64109292236374
5.44071937208764
6.17038771338888
5.78001826537799
6.05146203966485
6.22799007044727
7.3166765825488
5.85262124020206
5.54380359181626
11.0655937297642
11.6696103628597
12.379044005008
15.9565354919356
15.1605068073428
15.1558467079693
14.7722556732882
10.1357136305124
9.57267036469914
7.6148812098774
7.39849391285778
7.64287904719403
8.17644255846314
7.2886308179585
6.49832088845832
7.64117789205862
7.55281933024327
7.14273311878657
7.22221016320134
8.19580607517471
8.16371613345078
8.64889291862602
8.80495323466012
8.13217629615132
9.1148758613443
9.13285113964314
8.06146742255956
11.9793752293461
11.1667151330875
12.2105939654157
13.0623125671775
11.4263034185989
9.1894353132406
9.39409899069917
8.71053397524968
7.28787758671928
6.60743227451213
8.62076354459838
8.79233052470379
7.99715420606799
9.02061418910933
7.89841607063575
8.39369407172295
8.19563394294941
7.65028843950082
8.02833490281765
8.08611871501908
7.21582126318499
7.90178040187362
6.75690885159021
6.48007156406704
6.71439391788954
7.61643314608593
8.94254024926915
10.3999181317505
6.80387886870396
7.08231020190821
6.65226979295866
6.90818412890944
6.95539897184004
6.85021749182078
7.49258496417096
7.3531351220592
7.5138010004097
7.78779071231991
8.34915140791132
7.51446817487346
7.66270775581952
7.69011391893127
7.14807977224015
6.73449607970452
6.7256749272029
7.37767156592826
7.99076738407615
6.88667211186726
7.17557331838408
6.27912659646709
8.61979566653036
9.49111573172777
9.17143930086032
7.57932980863309
6.70596462872267
6.0470670997474
5.84191748172518
5.02562938924649
6.25266765702136
6.91967658731496
6.61699257845943
6.63916488120819
6.88344168225544
6.50350458357638
6.58204721617135
6.38065249155517
5.80814116002668
6.06981277008405
5.46044379672188
6.90708033464895
6.97462533072507
7.47537032816292
9.55209573365081
13.6119652051171
13.3642951648056
13.6748192139198
11.1153828213929
8.59773326448317
8.18886751998286
6.58828112643422
6.24095329848911
6.02116971268754
7.24142928732803
6.57157958749393
8.47616707083439
7.27759591952699
7.003671776456
7.48369796540665
8.95338914821997
7.77870687738785
8.08795097751542
7.46748489489434
6.92580642958791
6.26813320237128
7.30142990892392
6.5750007075841
13.0793520510798
16.0208360603041
13.8040471323428
8.36759165071649
9.28122379520931
6.60304463421155
6.20170016708872
6.55794388123907
5.9319819430938
7.53630206857765
6.69269125875782
7.84774618811084
8.39739006875692
8.18988060414813
7.7029039340612
7.25899530937065
7.23774436802615
6.89779057944029
7.18151027062323
7.16296033415025
6.53579214368837
7.23731409565611
6.44501999267687
6.56981959104852
9.20454773507926
9.610260484868
13.9005581643266
8.44536676724604
8.58102824777946
7.1690527890747
7.19359811278262
8.63815127006826
7.86581394351085
8.66241581700482
8.1952322405103
7.37186857829405
8.13810359733747
7.46159219883837
7.34114275807237
7.46602415807379
7.67564783054415
7.69174249927081
7.8702334780157
8.22170357182848
7.61998820221376
6.42902487633567
6.88440476778973
11.1313195716251
12.1519417442667
14.2428147182043
