-0.999000000684937
-0.999999632804761
-0.208630421703131
4.20542262453217
4.94630166599079
2.84343140765724
0.492526586730105
0.123571478027068
0.269719668852693
2.95785732925399
0.600537928869371
2.21607823212315
0.36583027493934
0.239243423563131
3.40846595948181
0.535547644278478
0.0797858588926881
0.0237539879703472
-0.0268504268504671
-0.0727842861445707
-0.114669945958531
-0.153023846634229
-0.188278128507465
-0.220797160543129
-0.250890326155126
-0.278822019202385
-0.304819535530785
-0.329079359502136
-0.351772213912868
-0.37304714812121
-0.39303487154209
-0.344450098692333
2.54894289983222
0.0100317388746396
-0.310847085714142
2.2702466038308
0.00229107901329795
-0.281791504447614
2.51669426123225
0.0615066364322581
-0.300530937026351
-0.317669904141114
-0.334060956696401
-0.349753231359404
-0.306108228257251
3.81823926087508
4.31445307457071
4.16862808670411
4.55069746444715
6.5103597645795
5.01180898772345
2.8183635630812
5.86430770526394
5.80178655263531
3.55269514309151
2.5602293822983
2.88158297129578
3.17411040352407
3.54152106077259
4.35852614033028
4.31168340137694
3.6754648733589
4.54153621885726
4.02871417969259
3.18619867637452
3.49416379065123
2.94881011249959
3.41834457685159
4.69104935011838
5.18397919366026
5.45669846537569
7.84874495678387
7.04068161377906
8.3571644241168
6.93557183859253
5.2433405429405
4.11720836792364
4.22822009688009
4.2205618494847
3.61181275531905
3.50159617200491
4.98598575961895
4.53694978884099
4.91093475516208
5.29043604929573
4.91268000456141
4.43848931290546
4.43793581314705
4.19673605815719
5.57571266613539
6.21369345053648
6.25813658919136
6.195242762639
5.25224281988265
5.15372911765184
6.0408250753823
4.86551283975116
5.54060877930759
4.26057013773999
3.78003603892697
3.17214951003307
4.53188235407904
4.40968485687525
4.42016885349545
4.81843207054086
3.30192333508683
3.53572330506605
4.6315870089243
4.76807665639733
4.81894751475429
4.48315472287306
4.5316838884819
4.76508254130738
4.62357683909571
4.21624486646969
5.3041882714262
5.54668913341303
5.88062603212108
6.29094419148406
7.62532522710316
7.2987119380714
7.26396243717289
4.45911199642362
4.63389431869411
6.74836439961245
4.66929397598821
3.81199855481583
5.08581854477872
5.47704741209844
5.2522617445702
5.18348425942447
5.22784629325649
5.15246096159349
5.10298532436633
4.75329840578499
4.8842455315858
4.29765182916359
4.95982777107019
5.66595828790612
5.8400714686107
5.68943617083777
5.67894649452596
5.77748851164594
6.32387103849489
6.66815542799426
6.58879547431382
4.62923622797188
4.9048634288461
3.96560185050635
3.83085996087865
4.82149879086978
4.81405844509139
4.84022714761089
4.49708306596389
5.58268076308436
4.72808545387523
4.77684505033828
5.32029447390726
5.0413638631966
5.26091093482467
4.55599593577479
4.54719213289033
4.42309007200065
4.48926715900621
5.28102248687744
5.95157414102327
8.30181319889408
8.36032401220153
8.80172518601383
7.28369572917886
5.05844866345679
4.36653972916934
3.60542284217709
3.58860746400445
4.0621679712699
5.41790045444044
5.67118810201063
6.08087724852101
5.79174090067456
5.62561292152019
6.09427855559136
5.5976300825011
5.57578907159898
5.36736921970868
4.68811816005251
3.94767969959832
4.28911233720318
5.16184889560219
5.65724051877331
6.01708359340889
6.50095579269081
7.31102923991276
7.29599497053028
7.65121762142278
6.63113894138224
6.37995541884996
6.46217779828677
6.13599540683326
5.31605935574074
4.56413314293743
5.475972630659
5.42660758917505
5.62314377471844
5.65244654523375
5.43715609466987
5.36674548728229
5.27359044785905
5.30456092457335
4.6548757266825
4.34758805413083
4.52693296505733
4.93678526614952
5.15534903747705
6.35137475635037
5.81094741178168
5.46844691889176
6.96234492012042
6.60190422559314
4.80172261336072
4.57881057583245
4.70035053876641
5.44960470967708
5.58554338988858
5.28803847237901
5.20542597418378
4.84936966710321
5.01803119252343
4.60526096208577
4.54295441808138
5.14412277793337
5.39186022640521
5.28330978151773
4.78718084040661
4.41687218918971
4.97918426167251
4.96415640320693
5.60331778996017
5.2957618156399
6.29298985883382
6.04138379181975
