8.99100000498001
9.06918112560963
10.6120688449459
13.9485899878948
12.6336192167656
9.05483987612395
15.9996551544652
20.5922527348354
13.146431176886
11.7772740807243
11.1843050911946
9.04358227604798
8.94197228589923
7.04136399921304
6.15297892856861
5.3584656118419
3.8435946460952
4.35619137399034
6.29032005320948
5.21475738986211
4.25668656360867
3.51067934430797
4.92153995288967
7.56139327871807
10.2635136353601
8.67088315695001
9.28902405020935
10.5391210054813
9.60908416249316
7.7004655521151
4.84626424071137
5.72757990170567
6.66104576136189
5.23000575172417
8.31908409404233
8.0353324020135
8.6139123603297
19.6101727949223
13.565814908246
14.3078154965606
-1.33330885054829
-0.93496208647694
-0.588981459649197
-0.293749196955787
-0.0470962291272616
0.153589092941202
0.311261368555381
0.43049888004009
8.14953754533166
0.298792029502309
0.363592055883004
0.399769118182742
0.41046001337528
0.398775207983927
0.367757284727354
0.320345485030732
0.259460577497755
5.68282469553809
-0.08031624878444
13.4646371101569
7.9111575023935
-0.932897000077402
-0.871799078417393
-0.820459156555628
-0.778390152274446
-0.74502921602736
-0.719755826739116
-0.701908449215204
-0.690799679195794
-0.685729836282555
-0.685953217988529
5.92217306993377
7.45730193021574
7.66433990701995
9.01833752736118
8.31454417740864
8.51666160017789
9.31001238212314
13.0023641700325
22.6633419221891
14.9126474111819
4.08006730525128
4.667059243964
4.11884532070407
5.07973120007825
-1.73000656371043
5.4707657211994
4.46573761102817
4.69424098383008
5.08275595426975
4.60073456056733
3.65115796308043
6.06569926457578
3.99394273114004
11.1991707795004
23.90908105715
21.573393584326
13.616286562682
12.0482134646502
9.99946889418832
17.8160596028076
26.0219524005201
27.2816401163139
17.5857443667662
16.1267697081172
15.4021634617864
17.518002489811
15.5704254081656
7.28257211367462
5.80415167197292
6.94715573141795
5.3955080505396
6.45989939556217
6.40950920370225
7.6153124718819
5.65683224032804
4.84020464402209
4.37360678233356
7.31697013494817
11.2258915825174
14.5946269233989
10.5718432925923
8.18524410374439
7.45654240316346
8.50711028129132
21.2416650513064
16.2094862746178
15.7828425992986
10.7485049014823
10.8566820179473
7.80517227605507
10.5507568817358
7.33134294631229
4.88323790426456
9.59110619517874
14.5855725103909
7.30528681987875
4.67923987739717
-0.28563316947407
0.021742733275983
0.274412194290595
0.47563032771412
8.17339707363101
0.480936261241064
0.595524778990576
25.0744599183971
19.3466518347641
12.4123277131332
-0.834677674918074
-0.558543485504068
-0.324448617174577
-0.130487289660109
0.0256002358791481
13.0929034000244
9.19991301597955
13.2061803268335
12.2511381161179
11.647072472751
7.27980805223067
7.47111722157362
6.9209664307469
-1.0517424036854
4.85219633533107
4.37370667788529
-0.565776721088846
-0.316554842294831
-0.109526489105313
10.6756754855453
-0.174768655664361
-0.0156493813366207
13.1480522511769
-0.24505990807768
-0.105068086817593
0.00360019969378911
11.6327904562635
-0.257421830913542
-0.158711292037457
-0.0852237958033388
8.62726649713651
-0.300865247686048
-0.238081389922963
-0.194723833713344
-0.16894507486221
7.75808542538461
-0.432799229576213
-0.401159486987035
7.62758397941799
5.87103568586781
-0.826503879287751
-0.754322605380279
-0.695073713370547
-0.64798053092365
-0.612184786357118
-0.586769888012693
-0.57078208459438
-0.563249462908947
-0.563198777296826
-0.569670138118302
-0.581729615080491
9.74013594735285
6.38624916798102
-1.18466433709575
-1.10821474582143
-1.0399667418815
-0.979885300008282
-0.927818075619173
-0.883512740515012
-0.846633584159715
-0.816777227204358
-0.793487326848705
7.14068984750572
-1.03475636143609
-0.980681313105851
-0.93383741562982
-0.893994969236782
-0.860849329498595
-0.83403507409839
7.10381877439354
-1.06787284143128
-1.01003129076816
-0.959466693804382
-0.915998969653045
-0.879365298580298
-0.8492346656338
-0.825221554170048
-0.8068986941703
-0.793808796545771
-0.785475228591769
-0.781411607302061
-0.781130306386654
-0.784149889573586
-0.790001497176144
-0.798234225056202
-0.808419545120091
-0.820154824471595
4.01024949525152
-1.01208336655792
-0.997341167228391
3.29993994739444
3.63037384083974
