7.4925000044976
7.99524971061254
11.3021807869724
0.479521137323659
1.17700685956
0.426303005357183
0.631074312323435
6.59372190005668
3.36221306976687
5.30642212936336
6.13369920720049
0.349998407007881
0.730799112613388
0.32330472883308
0.249409211225978
0.183054786550904
0.123130426541865
0.0687333255689442
0.0191222977136267
-0.0263168434115562
-0.0680973696733767
-0.0401518892629182
3.46823261379413
-0.363912400778462
0.063674603225762
-0.170918913214213
-0.136611214018503
4.26063864075768
-0.501391125017865
0.0480115632649034
-0.230781868958209
-0.222442532029925
2.6114703043226
-0.464650279367971
-0.11406429091803
-0.298168285812134
-0.317746252551368
-0.336421510913068
-0.354257327615796
-0.371311124644658
-0.387635138441194
-0.403276991895301
-0.41828019230643
-0.432684566256788
-0.446526640528761
-0.459839976718492
-0.452837074174764
2.87970182745631
2.38387021704972
1.94499686001125
4.39536796000278
7.13974445770673
4.26790176538311
5.41814622366928
2.7887275524519
3.16594082342302
3.84836656209188
3.28349982521648
5.42768547107498
4.26287650121283
4.35120956724811
6.29970732573743
5.5090228475784
5.50157987874731
5.29965709907608
3.28987169466001
3.03720496739999
5.8806952485731
5.39934627896417
3.98170601711814
3.69447415957324
4.99819748078333
3.88132765188054
5.95386464461602
8.09377692980106
7.05372005155198
3.3562765280336
3.3861623284176
3.38401024469181
4.99115035708617
5.23952374677967
5.32391114407135
3.66362953549874
3.65766188628354
4.59631941153949
7.30999019590523
7.53553054556008
5.93909800052874
4.95425160525219
4.54163369740052
4.37809161212835
5.12011439787092
7.17422942321412
7.15613866846349
4.17787498583025
4.20949095679168
3.36824690955571
2.92783325812122
3.93299611033851
3.15278190029536
3.39055826364761
2.86408070290603
4.52648362024851
3.43436791801575
2.5102170915304
4.08546241486916
4.31724278821142
3.77187349301169
5.46914721632399
6.75245503536277
6.69725065926836
6.8737133004449
5.26029315515882
5.39335445127164
4.56463948105523
5.50408281635454
3.84713100732456
3.73875753768447
3.66541852659375
3.37463196468092
3.52383426918079
3.02016817058696
6.37759351783206
6.53082754987037
6.16834142737594
5.23001075114525
4.53523471410652
3.44916097721079
4.56501546291266
5.6457353474287
5.29034545911155
5.52950791896979
6.66238385101391
6.26430580276038
4.94692645310847
6.59536611662259
4.72012089146959
3.78421451378399
5.93521123027402
4.43205227526337
3.90506897100871
3.81304866545361
3.49834218882372
3.50645373010023
3.41527324134265
3.00532167533759
3.42706692310676
4.11159102585007
2.79004360572046
4.06793177009794
3.83899584038992
3.36402528627644
2.98600387177881
4.0592297947187
3.88677828735816
5.17166526887454
5.35618429665383
3.99147920112687
5.19439406679454
5.64988018580943
5.27126056684259
6.02144946597757
4.60552215603075
6.16943628057628
3.96667788248289
3.99125771710178
4.0213106274413
3.58964822621589
3.01082064653806
3.15738961927428
6.2891100236257
7.0941217342664
3.90216871567866
5.01447644225769
3.48016545235912
4.90226245645807
4.6014527810802
4.28011716435987
4.30117282316231
5.90359208577274
4.71074405822075
5.76743141602196
5.98916102720828
4.94197749205204
5.58684300844326
5.22146003215386
4.39628774904137
0.851597997186299
4.56124088263537
3.14643129584663
3.8152515633877
3.4544694187306
3.35454517851278
4.56073792737126
5.00668501606341
6.87183285876667
5.9060988916794
4.05397309166841
5.43747481834039
5.3006857742584
3.68126357238628
4.34561696816153
5.02030685775231
6.35116661478668
4.21099997541492
4.10216805877919
7.12073138556066
4.99364251931494
5.38360264604461
4.80092466954589
5.18001436292129
6.21651682534372
6.10048679795531
4.00977689794367
3.82118729274736
3.91780511950373
3.40282295271899
2.96510816737987
3.29862738074033
3.71074111339761
6.12879507953934
5.58193754955928
5.01446420693397
6.81150864670602
4.14789218748432
3.54878474595964
3.86746950147294
3.10306262791603
6.35041951049059
5.41271274412431
5.1776126530012
4.83888417471348
5.58364099058578
5.10975371073246
4.64374670185006
6.89680598703603
5.90465228464405
4.20443283607874
4.97091839762157
4.06789758023535
