-0.9990000005
-1
-1
-1
-1
9.4
-1
-1
-1
-1
-1
-1
-1
-1
-1
-1
-1
5.4
-1
-1
-1
-1
-1
-1
-1
-1
-1
-1
4.8
-1
-1
6.4
-1
-1
-1
-1
-1
-1
-1
-1
-1
4.3
-1
-1
-1
-1
4.3
11.4
14.9
15.8
12.9
8.5
4.7
3
3.3
3.9
2.9
2.9
1.6
2.5
-1
3.5
2.8
2.5
2.7
3.6
4.3
4.4
5.7
9
15
16.4
15.8
-1
-1
13
4.7
7.2
4.7
2.6
2.8
2.4
2.5
2.4
1.7
2.3
1.9
-1
3.7
3.8
4.4
3.3
4.5
4.3
4.3
6.7
8.2
14.2
9.6
9.6
3.6
8.7
5.7
2
3
1.6
1.9
1.9
2.7
2.9
2
2
2
4.1
3.7
3.9
12.7
15.9
15.8
15.2
14.9
12.7
11.8
10.5
11.5
6.1
4.3
3
3.5
4.2
1.8
2.6
3.4
1.6
2.4
1.9
3.4
3.8
5.7
6
5.2
4.7
5.7
3.8
4
4.8
3.7
5.7
3.3
7.9
3.7
4.1
3.6
2.6
2.3
3.4
3.9
2.5
2.1
2.2
1.2
5.2
5.5
4.6
3.1
14.8
17.2
17.2
16
12.9
9.2
10.2
5.7
4.6
8.2
6.6
5.7
2.2
4.5
3.4
3.4
2.2
2.6
2.4
1.6
3.1
4.3
3.9
7.3
14.9
15.1
16.1
14.8
12.7
12.9
8.8
10.2
6.8
3.5
1.9
3
4.1
2.5
1.8
1.7
1.4
1.5
2.4
1.6
2.6
3.5
4.1
5.5
6.6
9.7
11.3
14.1
11.3
10.7
9.6
4.5
3.5
3.3
4.5
5.3
2.7
2.5
2.6
2.2
1.8
1.9
2.1
2.2
2.1
4
4
3.9
6.6
6.2
7.9
