6.29370000454465
5.88134617343641
4.94812272066465
5.33296887576447
4.92895949117668
4.74321518694746
4.70998451909085
5.16164253196927
4.65059145958487
4.16927869194641
4.18048387471426
3.97086758966379
4.14326842889971
4.27277552536674
4.15149566917435
3.88108308871797
3.60401126670458
4.23188113988862
5.12121355449508
6.3890101626386
6.38137939849796
6.77753905868276
5.84767746868181
5.58952643483867
4.43278689661137
4.13305367725933
5.13744842118225
5.83156645681475
6.0521692489898
5.02419031745873
4.71071654001196
4.8025802796162
4.87500279195925
5.628894181804
5.35812445029813
4.58716814355483
4.57992589433151
4.00947437003791
3.80004582794484
3.51236145670779
4.00210791321925
4.41985963251165
5.0705925937898
5.84170030813665
7.09286815587272
7.73793847828252
7.65720318678691
8.0263148049066
9.00831822989506
10.7550948650424
9.1738782909936
6.72680774748611
5.28917081205725
5.20050573630693
5.36447759868772
5.49910898993443
5.33339240869067
4.56919320124622
3.99027123276936
4.08426915358657
4.68962557203775
4.85865113930618
4.32129265293232
4.14617303924109
4.49570267329618
5.16369525407375
5.84277959945269
6.02246767827854
6.37535363604222
6.96153725304577
6.05784415658037
7.32236397438724
6.99394236014932
6.36811661324733
6.15463874904051
5.196653119064
4.66002063084585
5.35652350478552
6.19257499383379
6.35641493858028
5.56860005697534
4.65071536607834
4.71919076406717
4.72512158653074
4.97739465191058
5.10178465390374
4.4401303999978
4.3374137947225
4.35240914678467
4.6994499204901
5.42315244950656
5.37046866051954
5.83128804813697
6.25594795241804
5.7328437348625
7.074626576739
9.05678902464833
6.48099755242606
5.29451269869712
5.59798487156074
6.14805480606105
3.57661687636017
3.6846075112603
4.63431256124983
4.55127570541187
4.79950918760311
4.60122590430088
4.6736935876472
4.87222684388996
4.85085165263532
4.57733646751009
4.82226932558789
4.62436155278319
4.87123688927605
5.22977177866476
5.93334635381983
6.84703251088484
6.93297309922359
6.58933226512988
6.29169362777438
5.90603649955469
6.74510394380551
7.90252052735762
8.85368184799834
11.1485736469669
10.9269181195315
7.39374526267344
5.8712541611249
5.39663548639998
5.37999297389151
5.43602073515263
5.42183326815952
5.06112690640773
4.70471187974727
4.03872412092605
3.89912167717352
4.23112467416023
4.8772032492839
5.61391613980106
7.03086713843422
7.92591902332075
8.07671800325264
8.09829995020947
8.63696961925442
8.53846893802688
8.61935072076416
9.73303588966993
9.84582115132473
8.90382282124624
7.03680018640413
5.85392497912533
5.12445243462719
5.39404798751352
5.09966350699183
4.80233445165261
5.10161226874712
5.23622683180994
6.09327953425835
6.17020682675748
5.22041928191152
5.09447247094768
3.22413123597775
5.06703571403333
6.36079245384111
7.08629091751424
7.36903324717391
7.87308216935939
6.83910994017142
9.14445876216726
9.15745605070997
10.8112559455452
11.5782391654438
8.89485253801143
6.92901243181493
5.85697850649619
6.015329584802
5.48341623044329
4.86627353400723
4.47490269484591
5.32428208090353
5.29225212164413
5.34776090590574
5.15261686487879
4.83117403400829
5.20490404309046
5.48631379727133
6.06302791281164
7.12836662995661
10.1008484657439
11.4413679182893
12.4324267787477
12.565435956618
10.046897087923
7.76511334772689
6.92484353753672
6.93148922854076
6.77801206572833
6.44764606370699
5.67689949350826
6.14562169821255
4.93204373877644
4.90636646911299
5.37351161254487
5.43655099382384
5.07357396252698
5.6821716269207
5.50292270152875
5.33562364253745
4.83105536252545
4.96106195697905
5.31301605845637
6.46291307646118
7.35395483782136
6.92987565944423
6.68383248159903
7.03576989627672
6.05346043425372
7.59289290570002
7.89576999644186
8.42042388037426
6.90176810803183
5.53087016263198
5.90975497990442
5.58348048716177
5.21404450965398
4.82851637631683
4.41459029335617
4.75087265864652
4.70660307814612
4.21861344792601
4.09442653594002
77.5350776637474
63.6694724990215
79.6032810499055
39.1369014108161
16.0920067522626
9.98453470043416
10.2489029242183
9.82536999186179
8.95491247983923
