-0.999000000899855
-0.99999924514231
-0.999999762694853
-0.999999845777696
-0.797755776654077
-0.252284193573471
0.0359129984113911
-0.753993108992173
-0.910049968524967
-0.794833564202899
-0.792902337872106
-0.84462082790822
-0.868342272731433
-0.875302293329829
-0.884336291055867
-0.894506221305002
-0.832163052216274
-0.256419738842262
0.203752633160345
-0.743828581129141
-0.928265116376964
-0.772290249702828
-0.758831008902972
-0.816144424370892
-0.840561758547228
-0.84501727265943
-0.852915029087273
-0.811260408277256
-0.0844714329934865
0.541109343798986
-0.646297510103998
-0.156274017800187
0.68597672634608
-0.518011657546428
-0.824505911800225
-0.64169337716385
-0.619703775564467
-0.696571670262558
-0.73435818102578
-0.743592462148443
-0.720704715751955
0.0828186211602402
0.802025524914894
-0.598324981818889
-0.872152826918986
-0.605421226802093
0.313357044896193
2.13282543442287
2.61558413948167
1.98806795022886
1.41835644703088
1.72374512254006
2.1937220685439
1.96596858422412
1.63304491842836
1.68998663091293
2.1272320328642
2.17681940777055
2.08874929169843
2.22827449828494
2.26874248486839
2.24601474363962
2.23515890899819
2.30532083379198
2.61749480639772
3.06783094750263
3.238294118748
3.16142466417945
3.38447005159529
4.01723802651015
4.4085020765674
4.94205697746072
5.21677721799595
3.83965253234699
2.76681520155069
2.71864245288622
2.68960225770615
2.53748231766673
2.43728623304314
2.501350830646
2.65667823557883
2.57621083223603
2.56830320032769
2.63406034612355
2.91044760244415
2.98683093420838
2.48953591464112
2.15872121760654
2.13045238894128
2.36125545703031
2.69115793704898
3.05595576400004
3.52217261741613
3.88950248055682
3.89979755662558
4.13175115665602
4.25661004540846
3.48727503761986
2.67594524360746
2.7507578475008
3.35976745036224
3.22032077088538
2.80616782020598
3.24389941789064
3.37787518867087
3.12189180882021
3.11690387291762
3.11008917199093
3.06099377806074
2.93696804676193
2.82452378157413
3.27735811327858
3.5157003677603
3.54781178338278
3.70035897846393
3.50976043149819
3.95432744905042
4.96564736286253
4.62193413391046
4.34667602578342
4.48214772135168
4.5487930084373
3.96120198317908
2.75964362629564
2.87277764828837
3.13141484493779
3.02732338932914
2.65942704267423
2.79193537601913
3.25894069703922
3.60650547791093
3.18580943622938
2.48741838172172
2.86238465801299
3.57261851336589
3.54584708224978
3.25726788092595
3.5551235064872
4.39665908147778
5.59529817307179
6.85498678551551
6.76379161800267
6.10782161439245
5.39396787845111
4.80534065403592
5.30202998310715
5.78751117324216
4.32464171544413
3.73048753358281
4.424783372969
5.58873796757702
7.33587224735631
8.18199070295831
7.61966495350633
6.24196672072014
5.62643690848004
4.74829342359755
4.14143899970079
4.3278612830609
4.40327345469255
3.95543507298274
3.77315375052845
4.91423376685614
5.13884567115148
4.6002381485171
4.92059690108141
5.65555722364534
6.50235701417397
6.61657727636365
6.26872667639813
5.2774798945265
3.90961281477785
3.79217224061259
4.58328860025527
4.33053896053359
3.83845595525203
4.45909577599325
4.59469793968232
4.2282542527189
3.76061923809673
3.3763181400162
3.80432147796163
3.94000142868419
3.59657684569579
3.85815683447111
4.32476225900486
4.38983747083243
4.19688059190645
4.65097720340109
4.98719158782202
5.26494673780697
5.31604041878148
5.57233144719822
5.57972468050042
4.93773775400947
4.25564659456414
4.29665838551275
5.0679503779306
5.11049614071379
4.58268827200164
3.84265989276734
3.83196448274908
4.02005766407386
4.19540168561491
3.95582635818595
3.91476037423234
3.49070333792735
4.01071569839701
4.244156191326
3.9205754883594
3.8730498411974
4.10596933614884
4.45782755627128
4.93651186052839
5.52444102518321
5.79586308174531
5.79101118972742
4.73464482815681
3.67359945661689
3.94561891950494
4.459653616307
4.36718912461292
3.84266831214908
3.49241389319127
3.64871554471992
3.79981468281286
3.53096737416726
3.48883069340947
3.68946998125034
3.62574703487375
3.48079537309477
3.38485697951403
3.66858802126787
4.11531659618078
4.25739937149928
4.17460852115495
4.47002930542272
4.80625082185321
4.69961225459611
4.58410053348617
