-0.999000000563229
-0.999999858793104
-0.999999886483833
-0.999999898229231
-0.596177383359665
7.28076715230433
-0.685109130255487
-0.814947391559014
-0.827672231897941
-0.838787851386473
-0.848583142010644
-0.857281713380179
-0.865059352515072
-0.872056162918447
-0.878385183696783
-0.884138624918058
-0.807963416879637
3.14438604848225
-0.788818695511832
-0.852091973388327
-0.857861871419309
-0.863223729738085
-0.868220107160169
-0.872887832588918
-0.87725893780229
-0.8813614137494
-0.88521982812918
-0.823778028122558
4.71817187098059
-0.763079755134471
-0.788002684780222
4.97909569853663
-0.721810052294796
-0.809999668890859
-0.815131222642237
-0.820026525455865
-0.824702053142989
-0.829172772639667
-0.833452310751071
-0.837553100751815
-0.80918209823718
3.8918765226194
-0.746879326453333
-0.818561187144804
-0.822690863112054
-0.791620658111939
5.39216442783339
7.12289088112241
8.26842596473372
10.4743471720539
11.9089955023104
5.9831871288623
7.45985881316651
9.72305080336463
8.72568264087619
5.93264428107595
5.4635592231806
6.54311133083726
6.58114499334212
5.76495837434536
4.55514225523801
4.47213942708409
3.87661644735258
4.63347470306171
3.67241718251572
5.26075162591753
5.06843091386721
4.47342028052721
5.69251822733223
6.48487356482315
6.20730014510203
4.70024867070435
4.61776069777798
7.28377674834778
7.11097571251692
5.00071594453626
4.90459926153765
5.52175053037153
6.68302820286737
7.85519275513357
7.97166083739849
9.28929309581533
11.5339416619956
9.62130337132617
4.76576714614943
7.0589912426344
10.902288742579
10.7603975569142
10.0965485912096
4.19648785699128
5.93465585480543
8.16559970141522
6.09005899793935
6.52266372332069
7.14499412198411
7.08760722705189
5.58087224345263
6.24708452641885
7.47654330950776
6.59366764507704
4.465946020658
5.87509562208824
6.12971381701017
8.10889450341812
6.18028979130945
7.06841888845789
8.07409341303764
4.99578933913932
9.27214776612825
7.53138530724235
5.92199034456625
4.30916132293161
3.52465731247937
4.64390114885027
4.96179376053474
6.02692769637553
6.34865283471122
5.52508332987097
7.25881599681338
8.05141794544024
8.90862223554608
9.16306795379702
7.96969046917932
7.81173824512407
8.04612990242418
6.24003441590366
4.700720842809
5.0546484331336
6.27064553259627
6.21474863539709
5.15542021098346
5.97167011797206
4.92487161435497
7.10448910113264
5.85326536033593
4.16794044529848
3.45574878940777
3.89291178133196
7.75821576010473
8.58133065434006
9.13563185836611
9.08228759182087
8.56451648620371
6.52245062711044
6.34383253877999
3.69184413425031
5.99433999684901
6.40781428458805
6.26449887324225
7.09831865396088
8.55592760785772
9.49776004694423
10.3588575776334
6.37250220016329
4.95204420438194
4.17020620229572
4.98559750767543
7.19065978687847
5.18126705737035
5.60296188006388
4.24423629315085
6.49128892913109
8.87544572751383
8.84537427285894
6.96160491945237
6.02979312248764
11.6241768098817
10.8186884316106
11.4315277120866
12.0679287328272
10.0543660033216
8.06987966907623
7.66922015983219
7.3660906200054
12.8968241038692
12.9262450713247
7.87416965008442
7.04823548008139
8.40200122750152
6.07897327944388
4.98183239619692
11.3998526344239
13.0268596755158
12.6947358120809
6.04505480769827
7.00588878204228
7.62674715122963
5.51601540810992
5.40338817747906
7.59273413749799
7.32341924461699
6.86559485260605
7.08589542099147
11.0297488234602
15.0428364881784
12.7835540818045
14.36405166472
13.5825274256032
12.9140220112045
12.6988179467324
8.39738590041278
7.27718703958835
6.95674410819836
7.47933468346864
7.78883518195481
8.7024960818518
8.56774031515925
5.91684824602051
5.64373064737704
6.99538794656638
4.89049295683923
8.48522943275909
7.85881850687749
6.86475989255957
6.31689077199154
7.44018657714425
7.07674028909899
5.85680867446753
9.92351128614497
8.17341736256229
8.9073168493091
10.8176448936102
11.3124249847107
9.13658419971312
10.019775058011
6.3292866721523
5.36051081097115
6.24644441284743
6.7835104499666
8.60545269422504
6.81665916216087
5.72598613129987
7.82385987839561
5.58173616486303
5.23726233885135
5.60167016478759
5.97759993579556
8.62818662628529
7.38260114219237
7.21187641335312
