-0.999000000988817
-0.999999296903769
-0.999999594101672
-0.999999713023203
-0.627826301429526
-0.320203625585634
-0.425614063973482
-0.502715520536781
-0.561585754064146
-0.608020676402958
-0.645592333150114
-0.676623049499596
-0.702688400737164
-0.724895214934004
-0.744043919929304
-0.76072775597892
-0.693889681417982
-0.596618054447871
-0.618730723937679
-0.638588135010278
-0.656520701714979
-0.672797271260161
-0.687638828510125
-0.701228695053274
-0.713720226359096
-0.725242695058714
-0.735905840278921
-0.701513702699697
-0.631326137601776
-0.644264108021924
-0.622403903542649
-0.568286303310305
-0.582138447982526
-0.595179376645176
-0.607479566597523
-0.619101547500606
-0.630100990788969
-0.640527624658979
-0.650426006370684
-0.659836177167215
-0.639485468409227
-0.576473212369995
-0.587168804290275
-0.597387690020237
-0.607161896703008
-0.616520633005025
-0.512285339384992
-0.0926264893142132
0.294506157276039
0.57445225336249
0.718180064281811
0.802058283526401
0.88797019236892
0.952110775297708
0.984388900325011
1.01667443558101
1.04326361339071
1.0586042080279
1.07579333381881
1.09943843935767
1.13430273935822
1.1587636520177
1.19285773543443
1.22593486321476
1.25701554593135
1.29181225220761
1.38165912457839
1.57409590855857
1.88730136576878
2.16406281208137
2.43900551861664
2.69300053260653
2.92929803249465
3.08423549113838
3.16489357372362
3.1954727470373
3.24322957823146
3.26811621531503
3.28849272119823
3.28395724498347
3.26928131445537
3.25067125346877
3.23912123506197
3.22803098792222
3.21791459760137
3.2065658165812
3.21115297048064
3.20489456545203
3.18867661984007
3.18787620149164
3.21639052556857
3.2699967874387
3.31625424502215
3.39955268808008
3.53371622669382
3.69039936840351
3.85003507696106
3.97423448952899
4.02466513694506
4.00896272673349
4.00594045921617
3.99995364394976
3.97787338070999
3.96982157789276
3.97301876034968
3.96140994549135
3.93822465467893
3.92127443534883
3.90220770786297
3.89714538767528
3.88043900471171
3.87002282332885
3.8583701227802
3.84588829876647
3.85402919344591
3.8922919115714
3.94705903649071
4.02197244271745
4.12246383868629
4.2604484732478
4.40014248689024
4.46690103777852
4.49416955036628
4.48240850355341
4.48538454040216
4.49020839225205
4.46663348071929
4.44810925123855
4.42874110922516
4.41072248535554
4.39060130470396
4.37016952000929
4.33868764989359
4.31700140927738
4.29327137171835
4.27032824535663
4.25632438861342
4.22593516079789
4.22066444496493
4.24457971888055
4.31725845272001
4.38520722125043
4.44705291523674
4.50000807095376
4.64336193597201
4.72263685894712
4.76230396550584
4.76800638775935
4.7511009644734
4.72326899507248
4.70976440895022
4.6959483570953
4.66771039035923
4.65532873497562
4.65533149387005
4.63775181959698
4.61352754609648
4.59200290060234
4.5731705201784
4.55776750702265
4.53242095810915
4.51678662941675
4.50776850647724
4.52474092294171
4.56169544937985
4.57742367666844
4.64141420778193
4.76028658303921
4.89804807654234
4.96966465585829
5.0374149080252
5.07216950495891
5.05099506460813
5.00958259875023
4.97570226366585
4.94909989244442
4.92157893685969
4.88880245954164
4.86317862012446
4.83122847997747
4.81205868829089
4.78175301202881
4.75519401135624
4.72564464179285
4.70353967228575
4.69652693720062
4.68867890867241
4.69577156998106
4.70399857277829
4.71918167873021
4.83228930950576
4.9523587136036
5.09727350671718
5.15998621409015
5.16248532419823
5.14323754541869
5.1165272869493
5.11264839138691
5.08842667184584
5.07122824046062
5.04632971526595
5.02609410596442
4.98914341434771
4.9606063287484
4.93465783937473
4.90668226342698
4.87224042877105
4.83932138319559
4.80464647260737
4.7843327478571
4.80255240898086
4.79008719323945
4.79519269927424
4.85140440665987
4.92721745363507
4.98570944636714
5.11648985797388
5.15821519677162
5.15743723123565
5.14078513600792
5.11976873422738
5.09447829859194
5.07068958777564
5.05840013825523
5.03148905772367
4.99583490007594
4.95949907310203
4.92924777729816
4.90050521655492
4.87667651243881
4.86325606532819
4.84216948386684
4.83816309228125
4.81168736986476
4.80255882601129
4.8117189512923
4.84225999452384
4.8776263535629
5.05369639094443
5.21079174178921
